519.0910053259577	-30.852347997017205	0.0
458.4919396211626	2.0221455860882998	0.0
458.4919396211626	2.0221455860882998	0.0
458.06620472955876	2.284325420162027	0.0
457.6404698379549	2.546505254235754	0.0
457.2147349463511	2.808685088309481	0.0
456.78900005474725	3.0708649223832083	0.0
456.3632651631434	3.3330447564569354	0.0
455.9375303497879	3.5952247175882217	0.0
455.5117955364324	3.857404678719508	0.0
455.08606072307686	4.119584639850794	0.0
454.66032590972134	4.3817646009820805	0.0
454.2345910963658	4.643944562113367	0.0
453.80885628668585	4.906124529212954	0.0
453.3831214770059	5.16830449631254	0.0
452.9573866673259	5.430484463412127	0.0
452.53165185764595	5.692664430511714	0.0
452.105917047966	5.954844397611301	0.0
451.68018223864385	6.217024365291921	0.0
451.2544474293217	6.47920433297254	0.0
450.8287126199996	6.74138430065316	0.0
450.40297781067744	7.00356426833378	0.0
449.9772430013553	7.2657442360144	0.0
449.55150819203317	7.52792420369502	0.0
449.12577338286144	7.790104171619825	0.0
448.7000385736897	8.05228413954463	0.0
448.274303764518	8.314464107469435	0.0
447.84856895534625	8.57664407539424	0.0
447.4228341461745	8.838824043319045	0.0
446.98213414235533	9.074674173025864	0.0
446.54143413853615	9.310524302732683	0.0
446.10073413471696	9.546374432439501	0.0
445.66003413089777	9.78222456214632	0.0
445.2193341270786	10.018074691853139	0.0
444.7776998455912	10.25213712396047	0.0
444.3360655641038	10.4861995560678	0.0
443.89443128261644	10.720261988175132	0.0
443.45279700112906	10.954324420282463	0.0
443.0111627196417	11.188386852389794	0.0
442.5603367238176	11.40459714526524	0.0
442.10951072799355	11.620807438140687	0.0
441.6586847321695	11.837017731016134	0.0
441.20785873634543	12.053228023891581	0.0
440.75703274052137	12.269438316767028	0.0
440.3062067446973	12.485648609642475	0.0
439.8540254710077	12.69902645176577	0.0
439.40184419731804	12.912404293889065	0.0
438.9496629236284	13.12578213601236	0.0
438.4974816499388	13.339159978135655	0.0
438.04530037624914	13.55253782025895	0.0
437.58701166882685	13.752424334068433	0.0
437.12872296140455	13.952310847877916	0.0
436.67043425398225	14.1521973616874	0.0
436.21214554655995	14.352083875496882	0.0
435.75385683913765	14.551970389306366	0.0
435.2951416332458	14.750872071380606	0.0
434.83642642735396	14.949773753454846	0.0
434.3777112214621	15.148675435529086	0.0
433.91899601557026	15.347577117603326	0.0
433.4602808096784	15.546478799677566	0.0
432.9750434782471	15.66707730690056	0.0
432.48980614681574	15.787675814123556	0.0
432.0045688153844	15.908274321346552	0.0
431.51933148395307	16.028872828569547	0.0
431.03409415252173	16.149471335792544	0.0
430.5459489206108	16.257703162910495	0.0
430.05780368869983	16.365934990028446	0.0
429.5696584567889	16.474166817146397	0.0
429.08151322487794	16.582398644264348	0.0
428.5816840231546	16.569413382862408	0.0
428.08185482143125	16.556428121460467	0.0
427.5820256197079	16.543442860058526	0.0
427.08219641798456	16.530457598656586	0.0
426.583640522778	16.49252759133539	0.0
426.08508462757146	16.45459758401419	0.0
425.5865287323649	16.416667576692994	0.0
425.08797283715836	16.378737569371797	0.0
424.6152895030018	16.215809024867482	0.0
424.14260616884525	16.052880480363168	0.0
423.6699228346887	15.889951935858853	0.0
423.19723950053213	15.727023391354539	0.0
422.73050029704086	15.547787371328704	0.0
422.2637610935496	15.36855135130287	0.0
421.7970218900583	15.189315331277035	0.0
421.33028268656705	15.0100793112512	0.0
420.89025113444427	14.772749855731961	0.0
420.4502195823215	14.535420400212722	0.0
420.0101880301987	14.298090944693483	0.0
419.57015647807594	14.060761489174244	0.0
419.13079864278745	13.8221880218456	0.0
418.69144080749896	13.583614554516956	0.0
418.2520829722105	13.345041087188312	0.0
417.812725136922	13.106467619859668	0.0
417.48223208644384	12.731359410002964	0.0
417.1517390359657	12.35625120014626	0.0
416.82124598548756	11.981142990289557	0.0
416.4907529350094	11.606034780432854	0.0
416.1602598845313	11.23092657057615	0.0
415.8326877210303	10.853265368958347	0.0
415.50511555752934	10.475604167340542	0.0
415.17754339402836	10.097942965722737	0.0
414.8499712305274	9.720281764104932	0.0
414.5223990670264	9.342620562487127	0.0
414.19497186357836	8.96483369622611	0.0
413.8675446601303	8.587046829965093	0.0
413.54011745668225	8.209259963704076	0.0
413.2126902532342	7.831473097443059	0.0
412.88526304978615	7.453686231182042	0.0
412.5578469053253	7.075889782028897	0.0
412.2304307608644	6.698093332875752	0.0
411.90301461640354	6.320296883722607	0.0
411.57559847194267	5.942500434569462	0.0
411.2481823274818	5.564703985416317	0.0
410.9984444284346	5.276538318954408	0.0
410.9984444284346	5.276538318954408	0.0
410.671611445286	4.898147723893945	0.0
410.34477846213736	4.519757128833481	0.0
410.01794547898874	4.1413665337730174	0.0
409.6911124958401	3.762975938712554	0.0
409.3642795126915	3.3845853436520903	0.0
409.03744654423133	3.0061947359050847	0.0
408.71061357577116	2.627804128158079	0.0
408.383780607311	2.2494135204110735	0.0
408.05694763885083	1.8710229126640678	0.0
407.73011467039066	1.4926323049170622	0.0
407.4032817019305	1.1142416971700566	0.0
407.07632445500474	0.73595943565983	0.0
406.749367208079	0.3576771741496034	0.0
406.4224099611532	-0.020605087360623164	0.0
406.09543825668123	-0.3988747190158296	0.0
405.76846655220925	-0.777144350671036	0.0
405.44149484773726	-1.1554139823262424	0.0
405.1143530005008	-1.5335368396749194	0.0
404.7872111532643	-1.9116596970235964	0.0
404.46006930602783	-2.289782554372273	0.0
404.13292745879136	-2.66790541172095	0.0
403.8057856115549	-3.0460282690696268	0.0
403.4786437643184	-3.4241511264183035	0.0
403.15076947315646	-3.801640571986118	0.0
402.8228951819945	-4.179130017553932	0.0
402.49502089083256	-4.556619463121747	0.0
402.16706338630524	-4.9340366980956745	0.0
401.8391058817779	-5.311453933069602	0.0
401.5111483772506	-5.68887116804353	0.0
401.1831816377992	-6.066280386141772	0.0
400.85521489834775	-6.443689604240014	0.0
400.5272481588963	-6.821098822338255	0.0
400.1990881136475	-7.198339069341655	0.0
399.8709280683987	-7.575579316345054	0.0
399.5427680231499	-7.952819563348454	0.0
399.2146079779011	-8.330059810351853	0.0
398.8864479326523	-8.707300057355253	0.0
398.5582878874035	-9.084540304358653	0.0
398.23046979550594	-9.462076461255222	0.0
397.9026517036084	-9.839612618151792	0.0
397.57483361171086	-10.217148775048361	0.0
397.2470155198133	-10.594684931944931	0.0
396.9191974279158	-10.9722210888415	0.0
396.5917969416399	-11.350115370847464	0.0
396.2643964553641	-11.728009652853427	0.0
395.93699596908823	-12.10590393485939	0.0
395.6095954828124	-12.483798216865353	0.0
395.28219499653653	-12.861692498871315	0.0
394.9547945102607	-13.239586780877278	0.0
394.6275035981615	-13.617575352288563	0.0
394.30064195942253	-13.995933331777259	0.0
393.97378032068355	-14.374291311265955	0.0
393.64691868194456	-14.75264929075465	0.0
393.3201361103025	-15.131075194767378	0.0
392.9933535386604	-15.509501098780106	0.0
392.66657096701834	-15.887927002792834	0.0
392.3398029827111	-16.266365434585737	0.0
392.01303499840384	-16.644803866378638	0.0
391.6862670140966	-17.02324229817154	0.0
391.3595017172645	-17.40168303786645	0.0
391.0327364204324	-17.780123777561364	0.0
390.7059711236003	-18.158564517256277	0.0
390.37920633403706	-18.53700569262712	0.0
390.0524415444738	-18.91544686799796	0.0
389.7256767549106	-19.293888043368803	0.0
389.3989120589562	-19.67232929913726	0.0
389.0721473630019	-20.050770554905718	0.0
388.7453826670475	-20.429211810674175	0.0
388.41936738359226	-20.808296023156984	0.0
388.093352100137	-21.187380235639793	0.0
387.76733681668173	-21.566464448122602	0.0
387.441459826844	-21.945666987925378	0.0
387.11558283700623	-22.324869527728154	0.0
386.7897058471685	-22.70407206753093	0.0
386.4641367660365	-23.08353626939419	0.0
386.13856768490456	-23.463000471257452	0.0
385.8129986037726	-23.842464673120713	0.0
385.487486815944	-24.221977486609827	0.0
385.1619750281154	-24.60149030009894	0.0
384.83646324028683	-24.981003113588056	0.0
384.51100734547526	-25.360563681076137	0.0
384.1855514506637	-25.740124248564218	0.0
383.8600955558521	-26.1196848160523	0.0
383.53465007713817	-26.499254281186126	0.0
383.2092045984242	-26.878823746319952	0.0
382.88375911971025	-27.25839321145378	0.0
382.55831530369386	-27.637964096421445	0.0
382.23287148767747	-28.01753498138911	0.0
381.9074456515747	-28.39712125008119	0.0
381.5820198154719	-28.77670751877327	0.0
381.2565939793691	-29.15629378746535	0.0
380.9311681432663	-29.53588005615743	0.0
380.6057423071635	-29.91546632484951	0.0
380.2803164710607	-30.29505259354159	0.0
379.95521278790767	-30.674915782057656	0.0
379.63010910475464	-31.05477897057372	0.0
379.3050054216016	-31.434642159089787	0.0
378.9799017384486	-31.814505347605852	0.0
378.65479805529554	-32.19436853612192	0.0
378.3296943721425	-32.57423172463799	0.0
378.004711552219	-32.954198543667886	0.0
377.67972873229553	-33.33416536269778	0.0
377.35474591237204	-33.71413218172768	0.0
377.02976309244855	-34.09409900075757	0.0
376.70478027252506	-34.47406581978747	0.0
376.37979745260157	-34.854032638817365	0.0
376.0551506218367	-35.23428753508829	0.0
375.7305037910718	-35.61454243135922	0.0
375.4058569603069	-35.994797327630145	0.0
375.081210129542	-36.37505222390107	0.0
374.7565632987771	-36.755307120172	0.0
374.4319164680122	-37.135562016442925	0.0
374.1073237873511	-37.515863176049194	0.0
373.78273110669	-37.89616433565546	0.0
373.4581384260289	-38.27646549526173	0.0
373.1335546750416	-38.65677428265829	0.0
372.8089709240543	-39.03708307005485	0.0
372.484387173067	-39.417391857451406	0.0
372.24562907527434	-39.697140311822295	0.0
372.24562907527434	-39.697140311822295	0.0
371.9214716829655	-40.07781532733546	0.0
371.59731429065664	-40.45849034284862	0.0
371.2731568983478	-40.83916535836178	0.0
370.94899950603894	-41.219840373874945	0.0
370.6248421137301	-41.60051538938811	0.0
370.30068539499166	-41.98119098963939	0.0
369.9765286762532	-42.36186658989067	0.0
369.6523719575148	-42.74254219014195	0.0
369.32821523877635	-43.12321779039323	0.0
369.0040585200379	-43.50389339064451	0.0
368.68130657780205	-43.88576767005761	0.0
368.3585546355662	-44.267641949470715	0.0
368.0358026933303	-44.64951622888382	0.0
367.7132120096564	-45.03152732454857	0.0
367.39062132598247	-45.41353842021332	0.0
367.06803064230854	-45.79554951587807	0.0
366.7456231818444	-46.17771571733292	0.0
366.42321572138025	-46.559881918787774	0.0
366.1008082609161	-46.942048120242625	0.0
365.7789201182429	-47.32464932356369	0.0
365.45703197556975	-47.707250526884756	0.0
365.1351438328966	-48.08985173020582	0.0
364.81334539604194	-48.47252788036101	0.0
364.4915469591873	-48.85520403051619	0.0
364.16974852233267	-49.237880180671375	0.0
363.8478759844556	-49.620493794602254	0.0
363.5260034465785	-50.00310740853313	0.0
363.2041309087014	-50.38572102246401	0.0
362.88225837082433	-50.76833463639489	0.0
362.56038583294725	-51.15094825032577	0.0
362.23851329507016	-51.53356186425665	0.0
361.91683493606473	-51.916341431344655	0.0
361.5951565770593	-52.29912099843266	0.0
361.27347821805387	-52.68190056552067	0.0
361.11228615022264	-52.87371026678011	0.0
361.11228615022264	-52.87371026678011	0.0
360.8093426195501	-53.27148556487779	0.0
360.5063990888775	-53.66926086297548	0.0
360.20345555820495	-54.06703616107316	0.0
359.9005120275324	-54.464811459170846	0.0
359.5975684968598	-54.86258675726853	0.0
359.2946249910472	-55.2603620742994	0.0
358.9916814852346	-55.65813739133027	0.0
358.688737979422	-56.05591270836114	0.0
358.3857944736094	-56.45368802539201	0.0
358.0828509677968	-56.85146334242288	0.0
357.7799074635454	-57.249238660642774	0.0
357.476963959294	-57.64701397886267	0.0
357.1740204550426	-58.04478929708256	0.0
356.8710769507912	-58.44256461530245	0.0
356.5681334465398	-58.840339933522344	0.0
356.2651899422884	-59.23811525174224	0.0
355.96224643822916	-59.63589057010848	0.0
355.65930293416994	-60.03366588847472	0.0
355.35635943011073	-60.431441206840965	0.0
355.0534159260515	-60.82921652520721	0.0
354.7504724219923	-61.22699184357345	0.0
354.62618519095486	-61.71129410564525	0.0
354.5018979599174	-62.19559636771705	0.0
354.37761072888	-62.67989862978885	0.0
354.25332349784253	-63.16420089186065	0.0
354.1290362668051	-63.64850315393245	0.0
354.00474903576765	-64.13280541600426	0.0
354.1402206935265	-64.61409560227823	0.0
354.27569235128533	-65.09538578855219	0.0
354.41116400904417	-65.57667597482616	0.0
354.546635666803	-66.05796616110013	0.0
354.68210732456185	-66.53925634737409	0.0
354.8175789823207	-67.02054653364806	0.0
355.01194554399785	-67.48119318711989	0.0
355.206312105675	-67.94183984059171	0.0
355.40067866735217	-68.40248649406354	0.0
355.59813042503566	-68.86181770111955	0.0
355.79558218271916	-69.32114890817556	0.0
355.99303394040265	-69.78048011523157	0.0
356.19048569808615	-70.23981132228758	0.0
356.45960261307494	-70.66117464964829	0.0
356.7287195280637	-71.082537977009	0.0
356.9978364430525	-71.5039013043697	0.0
357.2669533580413	-71.92526463173041	0.0
357.53949624199424	-72.34442010842032	0.0
357.8120391259472	-72.76357558511023	0.0
358.08458200990015	-73.18273106180014	0.0
358.3571248938531	-73.60188653849005	0.0
358.63240070202903	-74.01765684073045	0.0
358.90767651020496	-74.43342714297086	0.0
359.1829523183809	-74.84919744521126	0.0
359.45822812655683	-75.26496774745166	0.0
359.7337024349733	-75.6803362791115	0.0
360.00917674338973	-76.09570481077134	0.0
360.2846510518062	-76.51107334243117	0.0
360.5601253602226	-76.92644187409101	0.0
360.8355996686391	-77.34181040575085	0.0
361.1971271568077	-77.68708674465918	0.0
361.55865464497634	-78.03236308356752	0.0
361.920182133145	-78.37763942247585	0.0
362.2817096213136	-78.72291576138419	0.0
362.6496758672985	-79.0613822367343	0.0
363.01764211328344	-79.39984871208442	0.0
363.38560835926836	-79.73831518743454	0.0
363.81052595479383	-80.0017889817387	0.0
364.2354435503193	-80.26526277604286	0.0
364.6603611458448	-80.52873657034702	0.0
365.08527874137025	-80.79221036465118	0.0
365.5169595104223	-81.04445441196239	0.0
365.9486402794743	-81.2966984592736	0.0
366.38032104852635	-81.54894250658481	0.0
366.8120018175784	-81.80118655389602	0.0
367.2436825866304	-82.05343060120722	0.0
367.69425477478666	-82.27018426382864	0.0
368.1448269629429	-82.48693792645005	0.0
368.5953991510991	-82.70369158907147	0.0
369.0468431319421	-82.91862481583011	0.0
369.49828711278514	-83.13355804258876	0.0
369.94973109362815	-83.3484912693474	0.0
370.40117507447115	-83.56342449610605	0.0
370.447615412646	-83.58553481800482	0.0
370.447615412646	-83.58553481800482	0.0
430.1978734836448	-115.87300073215738	0.0
430.1978734836448	-115.87300073215738	0.0
430.6365235403601	-116.1129655625162	0.0
431.0751735970754	-116.35293039287501	0.0
431.51382365379067	-116.59289522323382	0.0
431.95247371050596	-116.83286005359264	0.0
432.39112376722125	-117.07282488395145	0.0
432.8297738819496	-117.31278960826481	0.0
433.268423996678	-117.55275433257816	0.0
433.70707411140637	-117.79271905689151	0.0
434.14572422613475	-118.03268378120487	0.0
434.5843743408631	-118.27264850551822	0.0
435.0230244555915	-118.51261322983157	0.0
435.46167457792035	-118.75257794025161	0.0
435.9003247002492	-118.99254265067165	0.0
436.33897482257805	-119.23250736109169	0.0
436.7776249449069	-119.47247207151173	0.0
437.21627506723576	-119.71243678193177	0.0
437.6549251895646	-119.95240149235181	0.0
438.09357531270393	-120.19236620129027	0.0
438.53222543584326	-120.43233091022873	0.0
438.9708755589826	-120.67229561916719	0.0
439.4095256821219	-120.91226032810565	0.0
439.84817580526123	-121.1522250370441	0.0
440.28682592840056	-121.39218974598256	0.0
440.72547605182604	-121.63215445439796	0.0
441.1641261752515	-121.87211916281336	0.0
441.602776298677	-122.11208387122876	0.0
442.04142642210246	-122.35204857964416	0.0
442.48007654552794	-122.59201328805956	0.0
442.9187266689534	-122.83197799647496	0.0
443.35737679214094	-123.07194270532534	0.0
443.79602691532847	-123.31190741417572	0.0
444.234677038516	-123.5518721230261	0.0
444.6733271617035	-123.79183683187648	0.0
445.11197728489105	-124.03180154072686	0.0
445.5506274080786	-124.27176624957724	0.0
445.9892775314052	-124.51173095817336	0.0
446.42792765473183	-124.75169566676948	0.0
446.86657777805846	-124.9916603753656	0.0
447.3052279013851	-125.23162508396172	0.0
447.7438780247117	-125.47158979255784	0.0
448.1825281480973	-125.71155450104625	0.0
448.62117827148285	-125.95151920953467	0.0
449.0598283948684	-126.19148391802308	0.0
449.498478518254	-126.4314486265115	0.0
449.93712864163956	-126.67141333499991	0.0
450.37577876502513	-126.91137804348833	0.0
450.81442888821084	-127.151342752342	0.0
451.25307901139655	-127.39130746119568	0.0
451.69172913458226	-127.63127217004936	0.0
452.13037925776797	-127.87123687890303	0.0
452.5690293809537	-128.1112015877567	0.0
453.0076795041394	-128.3511662966104	0.0
453.44632962749466	-128.59113100515412	0.0
453.88497975084994	-128.83109571369786	0.0
454.3236298742052	-129.0710604222416	0.0
454.7622799975605	-129.31102513078534	0.0
455.20093012091576	-129.55098983932908	0.0
455.63958024427103	-129.79095454787281	0.0
456.07823036742855	-130.03091925677805	0.0
456.51688049058606	-130.27088396568328	0.0
456.9555306137436	-130.51084867458852	0.0
457.3941807369011	-130.75081338349375	0.0
457.8328308600586	-130.99077809239898	0.0
458.2714809832161	-131.23074280130422	0.0
458.7101311065859	-131.47070750982147	0.0
459.14878122995566	-131.71067221833871	0.0
459.5874313533254	-131.95063692685596	0.0
460.0260814766952	-132.1906016353732	0.0
460.46473160006497	-132.43056634389046	0.0
460.90338172343473	-132.6705310524077	0.0
461.342031910597	-132.91049564431498	0.0
461.7806820977592	-133.15046023622224	0.0
462.21933228492145	-133.3904248281295	0.0
462.6579824720837	-133.63038942003678	0.0
463.0966326592459	-133.87035401194404	0.0
463.53528284640817	-134.1103186038513	0.0
463.57771705579944	-134.13353233551607	0.0
463.57771705579944	-134.13353233551607	0.0
464.0112843954271	-134.382262826848	0.0
464.4448517350547	-134.63099331817995	0.0
464.87841907468237	-134.8797238095119	0.0
465.3119865125732	-135.12845412964393	0.0
465.745553950464	-135.37718444977597	0.0
466.1791213883548	-135.625914769908	0.0
466.61268882624563	-135.87464509004005	0.0
467.0463064903987	-136.1233090038083	0.0
467.4799241545518	-136.37197291757653	0.0
467.91354181870486	-136.62063683134477	0.0
468.34715948285793	-136.869300745113	0.0
468.7802637041637	-137.1190719699939	0.0
469.21336792546947	-137.3688431948748	0.0
469.64647214677524	-137.61861441975572	0.0
470.07946443624655	-137.86860545611492	0.0
470.51245672571787	-138.11859649247413	0.0
470.9454490151892	-138.36858752883333	0.0
471.37722382145256	-138.62067403795493	0.0
471.80899862771594	-138.87276054707652	0.0
472.2407734339793	-139.12484705619812	0.0
472.67227141936417	-139.37736144364962	0.0
473.103769404749	-139.62987583110112	0.0
473.53526739013387	-139.88239021855262	0.0
473.9667098475111	-140.13498864672184	0.0
474.3981523048883	-140.38758707489106	0.0
474.8295947622655	-140.64018550306028	0.0
475.26037839256975	-140.89390585987184	0.0
475.691162022874	-141.1476262166834	0.0
476.1219456531782	-141.40134657349495	0.0
476.55272928348245	-141.6550669303065	0.0
476.9835129137867	-141.90878728711806	0.0
477.4142965440909	-142.16250764392962	0.0
477.8449521625899	-142.41646553077632	0.0
478.27560778108887	-142.67042341762303	0.0
478.70626339958784	-142.92438130446973	0.0
479.1369190180868	-143.17833919131644	0.0
479.5675746365858	-143.43229707816315	0.0
479.99731714065155	-143.6878752817133	0.0
480.4270596447173	-143.94345348526346	0.0
480.85680214878306	-144.19903168881362	0.0
481.2865446528488	-144.45460989236378	0.0
481.7162871569146	-144.71018809591394	0.0
482.14602966098033	-144.9657662994641	0.0
482.5756469123935	-145.22155699605688	0.0
483.00526416380666	-145.47734769264966	0.0
483.4348814152198	-145.73313838924244	0.0
483.864498666633	-145.98892908583522	0.0
484.29411591804615	-146.244719782428	0.0
484.72072258626866	-146.5054996001923	0.0
485.1473292544912	-146.7662794179566	0.0
485.5739359227137	-147.0270592357209	0.0
486.0005425909362	-147.28783905348521	0.0
486.42714925915874	-147.54861887124952	0.0
486.85375592738126	-147.80939868901382	0.0
487.2801850035673	-148.07046819568143	0.0
487.7066140797533	-148.33153770234904	0.0
488.13304315593933	-148.59260720901665	0.0
488.56020584123013	-148.85247230424622	0.0
488.9873685265209	-149.1123373994758	0.0
489.4145312118117	-149.37220249470536	0.0
489.8416938971025	-149.63206758993493	0.0
490.2688565823933	-149.8919326851645	0.0
490.6960192676841	-150.15179778039408	0.0
491.1208703873752	-150.41542904309665	0.0
491.5457215070663	-150.67906030579923	0.0
491.97057262675736	-150.9426915685018	0.0
492.39542374644844	-151.20632283120437	0.0
492.8202748661395	-151.46995409390695	0.0
493.2451259858306	-151.73358535660952	0.0
493.669511024404	-151.99796568474898	0.0
494.0938960629774	-152.26234601288843	0.0
494.5182811015508	-152.52672634102788	0.0
494.94194654724475	-152.7922567153711	0.0
495.3656119929387	-153.05778708971434	0.0
495.7892774386326	-153.32331746405757	0.0
496.21294288432654	-153.5888478384008	0.0
496.63660833002047	-153.85437821274402	0.0
497.0602737757144	-154.11990858708725	0.0
497.48391777158963	-154.38547312265445	0.0
497.90756176746487	-154.65103765822164	0.0
498.3312057633401	-154.91660219378883	0.0
498.75484975921535	-155.18216672935603	0.0
499.1784937550906	-155.44773126492322	0.0
499.6016286492373	-155.71410852541013	0.0
500.024763543384	-155.98048578589703	0.0
500.4478984375307	-156.24686304638394	0.0
500.8710333316774	-156.51324030687084	0.0
501.2941682258241	-156.77961756735775	0.0
501.7173031199708	-157.04599482784465	0.0
502.1398301513461	-157.3133348439029	0.0
502.56235718272137	-157.58067485996116	0.0
502.98488421409667	-157.84801487601942	0.0
503.40737028749277	-158.1154195692301	0.0
503.82985636088887	-158.3828242624408	0.0
504.25234243428497	-158.6502289556515	0.0
504.6737719990619	-158.91929513129878	0.0
505.0952015638388	-159.18836130694606	0.0
505.51663112861576	-159.45742748259335	0.0
505.9380606933927	-159.72649365824063	0.0
506.3594902581696	-159.9955598338879	0.0
506.78091982294654	-160.2646260095352	0.0
507.201280732639	-160.53535940903905	0.0
507.6216416423315	-160.8060928085429	0.0
508.042002552024	-161.07682620804675	0.0
508.46236346171645	-161.3475596075506	0.0
508.8827243714089	-161.61829300705446	0.0
509.3030852811014	-161.88902640655832	0.0
509.72242162449766	-162.16134427357358	0.0
510.1417579678939	-162.43366214058884	0.0
510.56109431129016	-162.7059800076041	0.0
510.9804244413857	-162.9783074426939	0.0
511.39975457148125	-163.2506348777837	0.0
511.8190847015768	-163.52296231287352	0.0
512.2377400242904	-163.79632027107647	0.0
512.6563953470039	-164.06967822927942	0.0
513.0750506697175	-164.34303618748237	0.0
513.493705992431	-164.61639414568532	0.0
513.9123613151446	-164.88975210388827	0.0
514.3310047819072	-165.16312965350184	0.0
514.7496482486697	-165.4365072031154	0.0
515.1682917154322	-165.70988475272898	0.0
515.5869351821948	-165.98326230234255	0.0
516.0055786489573	-166.25663985195612	0.0
516.4242221157199	-166.5300174015697	0.0
516.7491380934371	-166.74219014728442	0.0
516.7491380934371	-166.74219014728442	0.0
517.1619259794907	-167.02433426599615	0.0
517.5747138655443	-167.30647838470787	0.0
517.9875017515978	-167.5886225034196	0.0
518.4002896376514	-167.87076662213133	0.0
518.813077523705	-168.15291074084305	0.0
519.2258654808583	-168.43505475553332	0.0
519.6386534380115	-168.71719877022358	0.0
520.0514413951647	-168.99934278491384	0.0
520.464229352318	-169.2814867996041	0.0
520.8770173094712	-169.56363081429436	0.0
521.2898052666244	-169.84577482898462	0.0
521.702593232994	-170.127918830191	0.0
522.1153811993636	-170.41006283139737	0.0
522.5281691657332	-170.69220683260374	0.0
522.9409571321028	-170.97435083381012	0.0
523.3537450984724	-171.2564948350165	0.0
523.766533064842	-171.53863883622287	0.0
524.1793210322319	-171.82078283593657	0.0
524.5921089996218	-172.10292683565027	0.0
525.0048969670117	-172.38507083536396	0.0
525.4176849344017	-172.66721483507766	0.0
525.8304729017916	-172.94935883479135	0.0
526.2432608691815	-173.23150283450505	0.0
526.656048836344	-173.51364683455148	0.0
527.0688368035064	-173.7957908345979	0.0
527.4816247706689	-174.07793483464434	0.0
527.8944127378313	-174.36007883469077	0.0
528.3072007049938	-174.6422228347372	0.0
528.7199886721562	-174.92436683478363	0.0
529.1327766396214	-175.20651083438716	0.0
529.5455646070866	-175.4886548339907	0.0
529.9583525745518	-175.77079883359423	0.0
530.371140542017	-176.05294283319776	0.0
530.7839285094822	-176.3350868328013	0.0
531.1967164767409	-176.6172308327069	0.0
531.6095044439996	-176.8993748326125	0.0
532.0222924112584	-177.1815188325181	0.0
532.4350803785171	-177.4636628324237	0.0
532.8478683457759	-177.7458068323293	0.0
533.2606563130346	-178.0279508322349	0.0
533.6734442802741	-178.31009483216866	0.0
534.0862322475136	-178.59223883210242	0.0
534.4990202147532	-178.8743828320362	0.0
534.9118081819927	-179.15652683196996	0.0
535.3245961492322	-179.43867083190372	0.0
535.7373841164717	-179.7208148318375	0.0
536.150172083838	-180.00295883158563	0.0
536.5629600512043	-180.28510283133377	0.0
536.9757480185706	-180.56724683108192	0.0
537.3885359859369	-180.84939083083006	0.0
537.8013239533032	-181.1315348305782	0.0
538.2141119206694	-181.41367883032635	0.0
538.62689988792	-181.6958228302439	0.0
539.0396878551705	-181.97796683016148	0.0
539.4524758224211	-182.26011083007904	0.0
539.8652637896716	-182.5422548299966	0.0
540.2780517569222	-182.82439882991417	0.0
540.6908397241727	-183.10654282983174	0.0
541.103627691613	-183.3886868294717	0.0
541.5164156590533	-183.67083082911168	0.0
541.9292036264936	-183.95297482875165	0.0
542.3419915939339	-184.23511882839162	0.0
542.7547795613742	-184.5172628280316	0.0
543.1675675288145	-184.79940682767156	0.0
543.5803554959405	-185.08155082777134	0.0
543.9931434630664	-185.36369482787111	0.0
544.4059314301924	-185.6458388279709	0.0
544.8187193973183	-185.92798282807067	0.0
545.2315073644443	-186.21012682817044	0.0
545.6442954027406	-186.4922707241454	0.0
546.0570834410369	-186.77441462012038	0.0
546.4698714793332	-187.05655851609535	0.0
546.8826595176295	-187.33870241207032	0.0
547.2954475559258	-187.6208463080453	0.0
547.7082355942221	-187.90299020402026	0.0
547.9780830171658	-188.0874330564402	0.0
547.9780830171658	-188.0874330564402	0.0
601.96572260838	-225.51334893656895	0.0
601.96572260838	-225.51334893656895	0.0
602.3623172461542	-225.81782791834428	0.0
602.7589118839285	-226.1223069001196	0.0
603.1555065217027	-226.42678588189494	0.0
603.5521011594769	-226.73126486367028	0.0
603.9486957972512	-227.0357438454456	0.0
604.3452905350451	-227.34022269694285	0.0
604.7418852728391	-227.64470154844008	0.0
605.1384800106331	-227.94918039993732	0.0
605.5350747484271	-228.25365925143456	0.0
605.931669486221	-228.5581381029318	0.0
606.3282642257599	-228.86261695215632	0.0
606.7248589652987	-229.16709580138084	0.0
607.1214537048376	-229.47157465060536	0.0
607.5180484443764	-229.77605349982989	0.0
607.9146431839152	-230.0805323490544	0.0
608.3112379229032	-230.3850111989966	0.0
608.7078326618911	-230.6894900489388	0.0
609.104427400879	-230.993968898881	0.0
609.5010221398669	-231.2984477488232	0.0
609.8976168788548	-231.6029265987654	0.0
610.2942116184366	-231.90740544793388	0.0
610.6908063580184	-232.21188429710236	0.0
611.0874010976003	-232.51636314627083	0.0
611.4839958371821	-232.8208419954393	0.0
611.8805905767639	-233.12532084460778	0.0
612.3446868682557	-233.3113537716581	0.0
612.8087831597476	-233.49738669870843	0.0
613.2728794512394	-233.68341962575875	0.0
613.7369757427313	-233.86945255280907	0.0
614.204666647717	-234.04625409311217	0.0
614.6723575527027	-234.22305563341527	0.0
615.1400484576884	-234.39985717371837	0.0
615.6077393626741	-234.57665871402148	0.0
616.0754302676598	-234.75346025432458	0.0
616.5590659921986	-234.88029927895542	0.0
617.0427017167374	-235.00713830358626	0.0
617.5263374412762	-235.1339773282171	0.0
618.0099731658149	-235.26081635284794	0.0
618.4936088903537	-235.38765537747878	0.0
618.9781341329906	-235.51105233510776	0.0
619.4626593756275	-235.63444929273675	0.0
619.9471846182644	-235.75784625036573	0.0
620.4317098609013	-235.88124320799471	0.0
620.9312549379497	-235.90256208098353	0.0
621.4308000149981	-235.92388095397234	0.0
621.9303450920465	-235.94519982696116	0.0
622.429890169095	-235.96651869994997	0.0
622.9298543191545	-235.9724257895976	0.0
623.4298184692141	-235.97833287924522	0.0
623.9297826192736	-235.98423996889284	0.0
624.4297467693332	-235.99014705854046	0.0
624.9280166915369	-235.9485888629141	0.0
625.4262866137406	-235.90703066728776	0.0
625.9245565359442	-235.8654724716614	0.0
626.4228264581479	-235.82391427603505	0.0
626.9205276024837	-235.7760231297877	0.0
627.4182287468195	-235.72813198354032	0.0
627.9159298911553	-235.68024083729296	0.0
628.4136310354911	-235.6323496910456	0.0
628.9005847379578	-235.5188915059126	0.0
629.3875384404246	-235.4054333207796	0.0
629.8744921428913	-235.2919751356466	0.0
630.3596161648642	-235.17093595029445	0.0
630.844740186837	-235.0498967649423	0.0
631.3298642088099	-234.92885757959016	0.0
631.8149882307828	-234.807818394238	0.0
632.2252498836629	-234.52250681651506	0.0
632.6355115365429	-234.2371952387921	0.0
633.045773189423	-233.95188366106916	0.0
633.4560348423031	-233.6665720833462	0.0
633.854970958243	-233.36571359583183	0.0
634.253907074183	-233.06485510831746	0.0
634.6528431901229	-232.76399662080308	0.0
635.0517793060628	-232.4631381332887	0.0
635.440506662372	-232.1487205184291	0.0
635.8292340186811	-231.83430290356947	0.0
636.2179613749902	-231.51988528870984	0.0
636.6057287749016	-231.20426596228782	0.0
636.9934961748131	-230.8886466358658	0.0
637.3812635747246	-230.57302730944377	0.0
637.769030974636	-230.25740798302175	0.0
637.9138901466504	-230.13950133509934	0.0
637.9138901466504	-230.13950133509934	0.0
638.2369428986864	-229.75788953403085	0.0
638.5599956507224	-229.37627773296236	0.0
638.8830484027584	-228.99466593189388	0.0
639.2061011547944	-228.6130541308254	0.0
639.5291539068304	-228.2314423297569	0.0
639.8522076026356	-227.84983098173203	0.0
640.1752612984409	-227.46821963370715	0.0
640.4983149942461	-227.08660828568227	0.0
640.8213686900514	-226.7049969376574	0.0
641.1444223858566	-226.32338558963252	0.0
641.4674760816619	-225.94177424160765	0.0
641.7905299346085	-225.56016298201013	0.0
642.1135837875551	-225.1785517224126	0.0
642.4366376405017	-224.7969404628151	0.0
642.7596914934483	-224.41532920321757	0.0
643.0827453463949	-224.03371794362005	0.0
643.4057991993415	-223.65210668402253	0.0
643.728853027618	-223.27049539859195	0.0
644.0519068558946	-222.88888411316137	0.0
644.3749606841711	-222.5072728277308	0.0
644.6984889890427	-222.1260526734837	0.0
645.0220172939144	-221.74483251923664	0.0
645.345545598786	-221.36361236498956	0.0
645.6690739036576	-220.9823922107425	0.0
645.9926022085292	-220.60117205649541	0.0
646.3161305134008	-220.21995190224834	0.0
646.6397985889372	-219.83885170361847	0.0
646.9636653059714	-219.45792317241754	0.0
647.2875320230056	-219.0769946412166	0.0
647.6113987400398	-218.69606611001566	0.0
647.935265457074	-218.31513757881473	0.0
648.2591321741082	-217.9342090476138	0.0
648.5829988650099	-217.5532804950511	0.0
648.9068655559116	-217.1723519424884	0.0
649.2307322468133	-216.7914233899257	0.0
649.554598937715	-216.41049483736302	0.0
649.8784656286167	-216.02956628480032	0.0
650.2023323195184	-215.64863773223763	0.0
650.5261990185795	-215.26770918668458	0.0
650.8500657176406	-214.88678064113154	0.0
651.1739324167017	-214.5058520955785	0.0
651.4977991157629	-214.12492355002544	0.0
651.821665814824	-213.7439950044724	0.0
652.1455325138851	-213.36306645891935	0.0
652.4692006491181	-212.98196582909608	0.0
652.7928687843511	-212.60086519927282	0.0
653.1165369195841	-212.21976456944955	0.0
653.440205054817	-211.8386639396263	0.0
653.7641009463875	-211.45775555126374	0.0
654.087996837958	-211.0768471629012	0.0
654.4118927295285	-210.69593877453866	0.0
654.735788621099	-210.31503038617612	0.0
655.0596845126695	-209.93412199781358	0.0
655.38358040424	-209.55321360945103	0.0
655.7075038692938	-209.17232897889713	0.0
656.0314273343475	-208.79144434834322	0.0
656.3553507994013	-208.4105597177893	0.0
656.6792742644551	-208.0296750872354	0.0
657.0031977295089	-207.6487904566815	0.0
657.3271211945627	-207.2679058261276	0.0
657.6510474166031	-206.8870235801378	0.0
657.9749736386435	-206.506141334148	0.0
658.298899860684	-206.1252590881582	0.0
658.6228260827244	-205.7443768421684	0.0
658.9468080235591	-205.3635416761565	0.0
659.2707899643939	-204.9827065101446	0.0
659.3904222527635	-204.84208082500845	0.0
659.3904222527635	-204.84208082500845	0.0
659.7144623440108	-204.4612949695436	0.0
660.0385024352581	-204.08050911407872	0.0
660.3625425265054	-203.69972325861386	0.0
660.6865826177527	-203.318937403149	0.0
661.010622709	-202.93815154768413	0.0
661.3346628002473	-202.55736569221926	0.0
661.6587158190387	-202.17659085413945	0.0
661.98276883783	-201.79581601605963	0.0
662.3068218566214	-201.41504117797982	0.0
662.6308748754127	-201.0342663399	0.0
662.954927894204	-200.65349150182018	0.0
663.2789809129954	-200.27271666374037	0.0
663.6030346137426	-199.8919424069982	0.0
663.9270883144898	-199.51116815025603	0.0
664.251142015237	-199.13039389351385	0.0
664.5751957159841	-198.74961963677168	0.0
664.8992494167313	-198.3688453800295	0.0
665.2233031174785	-197.98807112328734	0.0
665.5479176564245	-197.60777876769055	0.0
665.8725321953705	-197.22748641209375	0.0
666.1971467343164	-196.84719405649696	0.0
666.5184613417406	-196.4641055712071	0.0
666.8397759491647	-196.08101708591727	0.0
667.1610905565889	-195.69792860062742	0.0
667.4817245932398	-195.31427014833858	0.0
667.8023586298908	-194.93061169604974	0.0
668.1229926665418	-194.5469532437609	0.0
668.4434867888715	-194.16317789661386	0.0
668.7639809112012	-193.77940254946682	0.0
669.0844750335309	-193.3956272023198	0.0
669.4049403807978	-193.01182782620236	0.0
669.7254057280647	-192.62802845008494	0.0
670.0458710753317	-192.24422907396752	0.0
670.3663299318167	-191.86042427820212	0.0
670.6867887883018	-191.47661948243672	0.0
671.0072476447868	-191.09281468667132	0.0
671.3277065012719	-190.70900989090592	0.0
671.648165357757	-190.32520509514052	0.0
671.9436340136454	-189.97133037820458	0.0
671.9436340136454	-189.97133037820458	0.0
672.2672571836071	-189.59019324598563	0.0
672.5908803535688	-189.20905611376668	0.0
672.9145035235305	-188.82791898154773	0.0
673.2381266934922	-188.44678184932877	0.0
673.5617498634539	-188.06564471710982	0.0
673.8853729777798	-187.68450753764995	0.0
674.2089960921056	-187.30337035819008	0.0
674.5326192064315	-186.9222331787302	0.0
674.856242315472	-186.54109599478235	0.0
675.1798654245124	-186.1599588108345	0.0
675.5034885335529	-185.77882162688664	0.0
675.8271116765516	-185.3976844717721	0.0
676.1507348195503	-185.01654731665755	0.0
676.474357962549	-184.635410161543	0.0
676.7979811055477	-184.25427300642846	0.0
677.1216042485464	-183.87313585131392	0.0
677.4452273915451	-183.49199869619937	0.0
677.7688505326348	-183.11086153946394	0.0
678.0924736737245	-182.7297243827285	0.0
678.4160968148142	-182.34858722599307	0.0
678.7397199559039	-181.96745006925764	0.0
679.0633430969935	-181.5863129125222	0.0
679.3869662380832	-181.20517575578677	0.0
679.7105893793479	-180.82403859919998	0.0
680.0342125206125	-180.4429014426132	0.0
680.3578356618772	-180.0617642860264	0.0
680.6814588031418	-179.6806271294396	0.0
681.0050819444065	-179.29948997285283	0.0
681.3287050856711	-178.91835281626604	0.0
681.6523282385907	-178.53721566957503	0.0
681.9759513915103	-178.15607852288403	0.0
682.2995745444299	-177.77494137619303	0.0
682.6231976973495	-177.39380422950202	0.0
682.9468208502691	-177.01266708281102	0.0
683.2704440031887	-176.63152993612002	0.0
683.5940670649908	-176.25039271206046	0.0
683.9176901267929	-175.8692554880009	0.0
684.241313188595	-175.48811826394135	0.0
684.5649362503971	-175.1069810398818	0.0
684.8885593121992	-174.72584381582223	0.0
685.2121823740013	-174.34470659176267	0.0
685.535805876779	-173.96356974214734	0.0
685.8594293795568	-173.582432892532	0.0
686.0058393732761	-173.41000337712467	0.0
686.0058393732761	-173.41000337712467	0.0
686.295474385628	-173.00243597962202	0.0
686.58510939798	-172.59486858211937	0.0
686.8747444103319	-172.18730118461673	0.0
687.1643794473584	-171.77973380464869	0.0
687.454014484385	-171.37216642468064	0.0
687.7436495214115	-170.9645990447126	0.0
688.033284558438	-170.55703166474456	0.0
688.3229196036198	-170.14946429057187	0.0
688.6125546488015	-169.74189691639918	0.0
688.9021896939832	-169.3343295422265	0.0
689.1918247416556	-168.92676216982377	0.0
689.481459789328	-168.51919479742105	0.0
689.7710948370004	-168.11162742501833	0.0
690.0607298846728	-167.7040600526156	0.0
690.338228488017	-167.28813475576922	0.0
690.6157270913611	-166.87220945892284	0.0
690.8932256947053	-166.45628416207646	0.0
691.1400412102465	-166.02145045624837	0.0
691.3868567257878	-165.5866167504203	0.0
691.633672241329	-165.1517830445922	0.0
691.8804877568703	-164.71694933876412	0.0
692.1042989641034	-164.26984117073562	0.0
692.3281101713364	-163.8227330027071	0.0
692.5519213785695	-163.3756248346786	0.0
692.7757325858026	-162.9285166666501	0.0
692.9507902972983	-162.4601635206171	0.0
693.125848008794	-161.9918103745841	0.0
693.3009057202897	-161.5234572285511	0.0
693.4379723172622	-161.04261624509445	0.0
693.5750389142346	-160.5617752616378	0.0
693.712105511207	-160.08093427818113	0.0
693.8491721081795	-159.60009329472447	0.0
693.968049118274	-159.1144400479019	0.0
694.0869261283686	-158.62878680107931	0.0
694.2058031384632	-158.14313355425674	0.0
694.2868811736805	-157.649768348813	0.0
694.3679592088978	-157.1564031433693	0.0
694.4490372441151	-156.66303793792557	0.0
694.5301152793323	-156.16967273248184	0.0
694.5877742662993	-155.67303155638317	0.0
694.6454332532663	-155.1763903802845	0.0
694.7030922402333	-154.6797492041858	0.0
694.7607512272003	-154.18310802808713	0.0
694.8111771116054	-153.6856823407186	0.0
694.8616029960104	-153.1882566533501	0.0
694.9120288804155	-152.69083096598158	0.0
694.9245728211545	-152.19099229103034	0.0
694.9371167618934	-151.6911536160791	0.0
694.9496607026324	-151.19131494112787	0.0
694.9622046433714	-150.69147626617664	0.0
694.9636740879827	-150.19149473064834	0.0
694.965143532594	-149.69151319512005	0.0
694.9666129772053	-149.19153165959176	0.0
694.949636984534	-148.6918264708386	0.0
694.9326609918627	-148.19212128208545	0.0
694.9156849991914	-147.6924160933323	0.0
694.8987090065201	-147.19271090457914	0.0
694.8275118514276	-146.69781610813473	0.0
694.7563146963352	-146.20292131169032	0.0
694.6851175412427	-145.7080265152459	0.0
694.6139203861502	-145.2131317188015	0.0
694.5265197092796	-144.72085452057988	0.0
694.4391190324089	-144.22857732235826	0.0
694.3517183555383	-143.73630012413665	0.0
694.241728749288	-143.24855691172382	0.0
694.1317391430376	-142.760813699311	0.0
694.0217495367873	-142.27307048689818	0.0
693.911759930537	-141.78532727448535	0.0
693.7753218099588	-141.3043027325912	0.0
693.6388836893806	-140.82327819069704	0.0
693.5024455688024	-140.34225364880288	0.0
693.359361380187	-139.86316430028057	0.0
693.2162771915716	-139.38407495175827	0.0
693.0731930029563	-138.90498560323596	0.0
692.9301088143409	-138.42589625471365	0.0
692.6303922924141	-138.0256863191288	0.0
692.3306757704872	-137.62547638354394	0.0
692.0309592485604	-137.2252664479591	0.0
691.7312427266336	-136.82505651237423	0.0
691.3547703283016	-136.49601918132387	0.0
690.9782979299696	-136.16698185027352	0.0
690.6018255316376	-135.83794451922316	0.0
690.2175561546682	-135.51804768116028	0.0
689.8332867776987	-135.1981508430974	0.0
689.4490174007293	-134.87825400503453	0.0
689.0647480237599	-134.55835716697166	0.0
688.6768579253144	-134.24286046002675	0.0
688.2889678268689	-133.92736375308183	0.0
687.9010777284234	-133.61186704613692	0.0
687.513029265588	-133.29656514432702	0.0
687.2248858036473	-133.0624392805621	0.0
687.2248858036473	-133.0624392805621	0.0
686.798387757359	-132.80148480803444	0.0
686.3718897110707	-132.5405303355068	0.0
685.9453916647824	-132.27957586297913	0.0
685.5188936184941	-132.01862139045147	0.0
685.0923955722058	-131.7576669179238	0.0
684.6658974839117	-131.49671251406804	0.0
684.2393993956177	-131.23575811021226	0.0
683.8129013073237	-130.97480370635648	0.0
683.3864032190297	-130.7138493025007	0.0
682.9599051307357	-130.45289489864493	0.0
682.5334070424417	-130.19194049478915	0.0
682.106656186603	-129.93139583363185	0.0
681.6799053307643	-129.67085117247456	0.0
681.2531544749256	-129.41030651131726	0.0
680.8264036190869	-129.14976185015996	0.0
680.3996527632482	-128.88921718900266	0.0
679.9729019074096	-128.62867252784537	0.0
679.5461246672897	-128.36817092729143	0.0
679.1193474271699	-128.1076693267375	0.0
678.6925701870501	-127.84716772618356	0.0
678.2654266195481	-127.58726706346535	0.0
677.838283052046	-127.32736640074714	0.0
677.4111394845439	-127.06746573802893	0.0
676.9839959170419	-126.80756507531072	0.0
676.5568523495398	-126.54766441259251	0.0
676.1297087820377	-126.2877637498743	0.0
675.7025205044209	-126.02793657097834	0.0
675.2753322268042	-125.76810939208238	0.0
674.8481439491874	-125.50828221318642	0.0
674.420945048101	-125.24847249910187	0.0
673.9937461470146	-124.98866278501731	0.0
673.5665472459282	-124.72885307093276	0.0
673.13942441043	-124.46891867578715	0.0
672.7123015749319	-124.20898428064154	0.0
672.2851787394337	-123.94904988549594	0.0
671.8580559039356	-123.68911549035033	0.0
671.4309330684374	-123.42918109520473	0.0
671.0038102329393	-123.16924670005912	0.0
670.5767709599739	-122.90917588442352	0.0
670.1497316870086	-122.64910506878792	0.0
669.7226924140433	-122.38903425315232	0.0
669.2956729497555	-122.12893118321016	0.0
668.8686534854677	-121.868828113268	0.0
668.4416340211799	-121.60872504332583	0.0
668.0146668474753	-121.34853698371506	0.0
667.5876996737707	-121.0883489241043	0.0
667.160732500066	-120.82816086449353	0.0
666.7337653263614	-120.56797280488276	0.0
666.3067981526568	-120.30778474527199	0.0
665.8798309789522	-120.04759668566122	0.0
665.4528703703417	-119.78739796859071	0.0
665.0259097617311	-119.5271992515202	0.0
664.5989491531205	-119.26700053444969	0.0
664.171990093473	-119.00679930336794	0.0
663.7450310338255	-118.74659807228619	0.0
663.318071974178	-118.48639684120444	0.0
662.8911131619586	-118.22619521162959	0.0
662.4641543497393	-117.96599358205474	0.0
662.0371955375199	-117.70579195247988	0.0
661.6102367253005	-117.44559032290503	0.0
661.1832779130812	-117.18538869333018	0.0
660.7563191008618	-116.92518706375533	0.0
660.32936017264	-116.66498562544737	0.0
659.9024012444182	-116.40478418713941	0.0
659.4754423161964	-116.14458274883145	0.0
659.048483360707	-115.88438135548367	0.0
658.6215244052175	-115.62417996213588	0.0
658.1945654497281	-115.3639785687881	0.0
657.7676067476066	-115.10377675976311	0.0
657.3406480454851	-114.84357495073812	0.0
656.9136893433636	-114.58337314171312	0.0
656.486730641242	-114.32317133268813	0.0
656.0597719391205	-114.06296952366314	0.0
655.632813236999	-113.80276771463815	0.0
655.2058545502401	-113.5425658804024	0.0
654.7788958634812	-113.28236404616666	0.0
654.3519371767223	-113.02216221193092	0.0
653.9249784929473	-112.76196037279846	0.0
653.4980198091722	-112.50175853366599	0.0
653.0710611253971	-112.24155669453353	0.0
652.6441022118813	-111.98135523237818	0.0
652.2171432983655	-111.72115377022283	0.0
651.7901843848497	-111.46095230806748	0.0
651.3632254713339	-111.20075084591213	0.0
650.936266557818	-110.94054938375677	0.0
650.5093076443022	-110.68034792160142	0.0
650.0823491314953	-110.4201458019359	0.0
649.6553906186884	-110.15994368227038	0.0
649.2284321058816	-109.89974156260486	0.0
648.8014735930747	-109.63953944293934	0.0
648.3745150802678	-109.37933732327382	0.0
647.9473248750189	-109.11951793656796	0.0
647.5201346697701	-108.8596985498621	0.0
647.0929444645212	-108.59987916315625	0.0
646.6657219855357	-108.34011320513959	0.0
646.2384995065502	-108.08034724712293	0.0
645.8112770275646	-107.82058128910627	0.0
645.3839730771421	-107.56094920273038	0.0
644.9566691267195	-107.3013171163545	0.0
644.5293651762969	-107.04168502997861	0.0
644.1020498693256	-106.78207161210378	0.0
643.6747345623543	-106.52245819422895	0.0
643.247419255383	-106.26284477635411	0.0
642.8200867257401	-106.0032596619335	0.0
642.3927541960973	-105.74367454751288	0.0
641.9654216664544	-105.48408943309227	0.0
641.538086722028	-105.22450828744087	0.0
641.1107517776015	-104.96492714178947	0.0
640.6834168331751	-104.70534599613808	0.0
640.2560212310738	-104.44586456793337	0.0
639.8286256289724	-104.18638313972866	0.0
639.4012300268711	-103.92690171152395	0.0
638.9738258730205	-103.6674343463195	0.0
638.5464217191699	-103.40796698111504	0.0
638.1190175653193	-103.14849961591058	0.0
637.6916123523846	-102.88903399200665	0.0
637.2642071394499	-102.62956836810271	0.0
636.8368019265152	-102.37010274419877	0.0
636.4093965645319	-102.1106373653545	0.0
635.9819912025486	-101.85117198651024	0.0
635.5545858405652	-101.59170660766597	0.0
635.1271803103214	-101.33224150591616	0.0
634.6997747800775	-101.07277640416635	0.0
634.2723692498337	-100.81331130241654	0.0
633.8449636960072	-100.5538462395029	0.0
633.4175581421807	-100.29438117658927	0.0
632.9901525883542	-100.03491611367564	0.0
632.5627470312386	-99.77545105618512	0.0
632.1353414741229	-99.5159859986946	0.0
631.7079359170073	-99.25652094120409	0.0
631.2805303593518	-98.99705588460337	0.0
630.8531248016964	-98.73759082800265	0.0
630.4257192440409	-98.47812577140193	0.0
629.9983136986592	-98.21866069457938	0.0
629.5709081532775	-97.95919561775683	0.0
629.1435026078958	-97.69973054093428	0.0
628.7160970646968	-97.44026546051572	0.0
628.2886915214978	-97.18080038009715	0.0
627.8612859782987	-96.92133529967859	0.0
627.4338847156732	-96.66186305431438	0.0
627.0064834530477	-96.40239080895017	0.0
626.5790821904222	-96.14291856358597	0.0
626.1516809277967	-95.88344631822176	0.0
625.7242796651713	-95.62397407285755	0.0
625.2968784025458	-95.36450182749334	0.0
624.8695037515921	-95.10498507032379	0.0
624.4421291006385	-94.84546831315424	0.0
624.0147544496848	-94.58595155598469	0.0
623.5873835535059	-94.32642852387978	0.0
623.160012657327	-94.06690549177488	0.0
622.7326417611481	-93.80738245966997	0.0
622.3050770002429	-93.5481788012293	0.0
621.8775122393378	-93.28897514278863	0.0
621.4499474784326	-93.02977148434796	0.0
621.0223827175274	-92.77056782590729	0.0
620.5948179566223	-92.51136416746662	0.0
620.1672531957171	-92.25216050902596	0.0
619.7396758145175	-91.99297761972741	0.0
619.3120984333178	-91.73379473042887	0.0
618.8845210521182	-91.47461184113033	0.0
618.4569436709186	-91.21542895183178	0.0
618.0292280246254	-90.9564743391396	0.0
617.6015123783321	-90.69751972644742	0.0
617.1737967320389	-90.43856511375525	0.0
616.7460810857457	-90.17961050106307	0.0
616.3183654394525	-89.92065588837089	0.0
615.8906497931592	-89.66170127567871	0.0
615.462922789877	-89.40276542570392	0.0
615.0351957865947	-89.14382957572913	0.0
614.6074687833125	-88.88489372575434	0.0
614.1797417800302	-88.62595787577955	0.0
613.752014776748	-88.36702202580476	0.0
613.3242877734657	-88.10808617582997	0.0
612.8965598627307	-87.84915182512188	0.0
612.4688319519956	-87.59021747441379	0.0
612.0411040412606	-87.3312831237057	0.0
611.6133761305256	-87.07234877299761	0.0
611.1856482197906	-86.81341442228953	0.0
610.7579203090555	-86.55448007158144	0.0
610.330192364401	-86.29554577692547	0.0
609.9024644197465	-86.03661148226949	0.0
609.474736475092	-85.77767718761352	0.0
609.0470085304374	-85.51874289295755	0.0
608.6192805857829	-85.25980859830157	0.0
608.1915526411284	-85.0008743036456	0.0
607.7646050968003	-84.74065186929525	0.0
607.3376575524723	-84.4804294349449	0.0
606.9107100081442	-84.22020700059454	0.0
606.4837624638161	-83.95998456624419	0.0
606.056814919488	-83.69976213189383	0.0
605.62986737516	-83.43953969754348	0.0
605.2029752918594	-83.17922621894802	0.0
604.7760832085588	-82.91891274035255	0.0
604.3491911252582	-82.65859926175709	0.0
603.9222990419577	-82.39828578316163	0.0
603.4954069586571	-82.13797230456616	0.0
603.0685148753565	-81.8776588259707	0.0
602.6409690506536	-81.61842477056686	0.0
602.2134232259506	-81.35919071516302	0.0
601.7858774012476	-81.09995665975919	0.0
601.3582695718486	-80.84082564579847	0.0
600.9306617424496	-80.58169463183776	0.0
600.5030539130506	-80.32256361787705	0.0
600.0757128103035	-80.06299328239155	0.0
599.6483717075563	-79.80342294690604	0.0
599.2210306048091	-79.54385261142053	0.0
598.793689502062	-79.28428227593503	0.0
598.3663483993148	-79.02471194044952	0.0
597.9390072965676	-78.76514160496401	0.0
597.5117047283869	-78.5055081972181	0.0
597.0844021602062	-78.2458747894722	0.0
596.6570995920255	-77.98624138172629	0.0
596.2297970238448	-77.72660797398038	0.0
595.802494455664	-77.46697456623447	0.0
595.3751918874833	-77.20734115848856	0.0
594.9472895735104	-76.94870182035363	0.0
594.5193872595374	-76.6900624822187	0.0
594.0914849455645	-76.43142314408378	0.0
593.6635826315916	-76.17278380594885	0.0
593.2356803176186	-75.91414446781393	0.0
592.8077780036457	-75.655505129679	0.0
592.379867771237	-75.39687961884803	0.0
591.9519575388282	-75.13825410801707	0.0
591.5240473064194	-74.8796285971861	0.0
591.0961370740107	-74.62100308635513	0.0
590.668226841602	-74.36237757552416	0.0
590.2403166091932	-74.1037520646932	0.0
589.8121315794266	-73.84558493665341	0.0
589.38394654966	-73.58741780861362	0.0
588.9557615198934	-73.32925068057384	0.0
588.5275546979326	-73.07111996841518	0.0
588.0993478759718	-72.81298925625651	0.0
587.6711410540111	-72.55485854409785	0.0
587.2432349542687	-72.29622605094889	0.0
586.8153288545263	-72.03759355779992	0.0
586.387422754784	-71.77896106465096	0.0
585.9595166550416	-71.52032857150199	0.0
585.5316105552993	-71.26169607835303	0.0
585.1037044555569	-71.00306358520406	0.0
584.6758127039523	-70.74440719705174	0.0
584.2479209523476	-70.48575080889943	0.0
583.820029200743	-70.22709442074711	0.0
583.3921374491383	-69.96843803259479	0.0
582.9642456975337	-69.70978164444247	0.0
582.536353945929	-69.45112525629015	0.0
582.1078989098007	-69.19339824380398	0.0
581.6794438736724	-68.93567123131781	0.0
581.2509888375441	-68.67794421883164	0.0
580.8224934990621	-68.42028393028721	0.0
580.3939981605802	-68.16262364174278	0.0
579.9655028220982	-67.90496335319835	0.0
579.5370049012466	-67.64730733925245	0.0
579.1085069803951	-67.38965132530655	0.0
578.6812415881299	-67.12995708801392	0.0
578.2539761958647	-66.8702628507213	0.0
577.8267108035994	-66.61056861342868	0.0
577.3994454113342	-66.35087437613606	0.0
576.972180019069	-66.09118013884344	0.0
576.5449146268038	-65.83148590155082	0.0
576.117733886541	-65.57165247797346	0.0
575.6905531462783	-65.3118190543961	0.0
575.2633724060155	-65.05198563081873	0.0
574.8362025552727	-64.79213430992527	0.0
574.40903270453	-64.53228298903181	0.0
573.9818628537872	-64.27243166813835	0.0
573.5546944561075	-64.0125779592427	0.0
573.1275260584279	-63.752724250347065	0.0
572.7003576607482	-63.492870541451424	0.0
572.2731892630685	-63.23301683255578	0.0
571.8460208653888	-62.97316312366014	0.0
571.4188524677091	-62.7133094147645	0.0
570.9916940022782	-62.453437918338864	0.0
570.5645355368473	-62.193566421913225	0.0
570.1373770714164	-61.933694925487586	0.0
569.7102198621371	-61.67382119438797	0.0
569.2830626528579	-61.41394746328835	0.0
568.8559054435786	-61.154073732188735	0.0
568.428770702313	-60.894160537873915	0.0
568.0016359610474	-60.634247343559096	0.0
567.5745012197818	-60.37433414924428	0.0
567.1473664785162	-60.11442095492946	0.0
566.7202317372506	-59.85450776061464	0.0
566.293096995985	-59.59459456629982	0.0
565.8659764897586	-59.334656918967504	0.0
565.4388559835322	-59.07471927163519	0.0
565.0117354773058	-58.814781624302874	0.0
564.5846167296768	-58.55484098429686	0.0
564.1574979820477	-58.294900344290845	0.0
563.7303792344187	-58.03495970428483	0.0
563.3032634864533	-57.7750139711338	0.0
562.8761477384878	-57.515068237982774	0.0
562.4490319905224	-57.255122504831746	0.0
562.0219162425569	-56.99517677168072	0.0
561.5948004945915	-56.73523103852969	0.0
561.167684746626	-56.47528530537866	0.0
560.7405690675023	-56.21533944920283	0.0
560.3134533883785	-55.955393593027	0.0
559.8863377092548	-55.695447736851165	0.0
559.4592220377938	-55.435501866903905	0.0
559.0321063663328	-55.175555996956646	0.0
558.6049906948717	-54.91561012700939	0.0
558.1778750232091	-54.65566425724588	0.0
557.7507593515465	-54.395718387482376	0.0
557.323643679884	-54.13577251771887	0.0
556.8965280082214	-53.875826647955364	0.0
556.4694123365588	-53.61588077819186	0.0
556.0422966648962	-53.35593490842835	0.0
555.6151809677931	-53.09598908045506	0.0
555.18806527069	-52.83604325248177	0.0
554.7609495735869	-52.57609742450848	0.0
554.3338338737143	-52.316151601084535	0.0
553.9067181738417	-52.05620577766059	0.0
553.4796024739691	-51.79625995423664	0.0
553.052357795223	-51.536525770431645	0.0
552.6251131164769	-51.27679158662665	0.0
552.1978684377308	-51.017057402821656	0.0
551.7706237589847	-50.75732321901666	0.0
551.3433790802386	-50.49758903521167	0.0
550.9161344014925	-50.237854851406674	0.0
550.4888832980907	-49.97813130485197	0.0
550.0616124521254	-49.71844053644763	0.0
549.63434160616	-49.45874976804329	0.0
549.2070707601946	-49.19905899963895	0.0
548.7797999142292	-48.93936823123461	0.0
548.3525290682638	-48.67967746283027	0.0
547.9252582222985	-48.41998669442593	0.0
547.4979861789027	-48.16029790698153	0.0
547.0707141355069	-47.90060911953714	0.0
546.6434420921112	-47.64092033209274	0.0
546.2161700487154	-47.381231544648344	0.0
545.7888980053197	-47.12154275720395	0.0
545.3616259619239	-46.86185396975955	0.0
544.934353857127	-46.602165283645164	0.0
544.5070817523301	-46.342476597530776	0.0
544.0798096475332	-46.08278791141639	0.0
543.6525375427364	-45.823099225302	0.0
543.2252654379395	-45.563410539187615	0.0
542.7979933331426	-45.30372185307323	0.0
542.3708515990663	-45.043819367026266	0.0
541.9437098649901	-44.783916880979305	0.0
541.5165681309138	-44.524014394932344	0.0
541.0894263968376	-44.26411190888538	0.0
540.6622846627613	-44.00420942283842	0.0
540.235142928685	-43.74430693679146	0.0
539.8080198959599	-43.48437381580661	0.0
539.3808968632347	-43.224440694821766	0.0
538.9537738305096	-42.96450757383692	0.0
538.5266507977844	-42.70457445285207	0.0
538.0995277650593	-42.444641331867224	0.0
537.6724047323341	-42.18470821088238	0.0
537.2453966912326	-41.92458691810824	0.0
536.818388650131	-41.6644656253341	0.0
536.3913806090295	-41.404344332559965	0.0
535.964372567928	-41.14422303978583	0.0
535.5373645268264	-40.88410174701169	0.0
535.1103567660076	-40.62397999624391	0.0
534.6833490051888	-40.36385824547613	0.0
534.25634124437	-40.10373649470835	0.0
533.8293334835512	-39.84361474394057	0.0
533.4023257227324	-39.58349299317279	0.0
532.9753179619136	-39.32337124240501	0.0
532.5483107448907	-39.06324859923158	0.0
532.1213035278679	-38.803125956058146	0.0
531.6942963108451	-38.543003312884714	0.0
531.2672890938222	-38.28288066971128	0.0
530.8405181555236	-38.02237184312967	0.0
530.4137472172249	-37.761863016548055	0.0
529.9869762789262	-37.50135418996644	0.0
529.5602053406276	-37.24084536338483	0.0
529.1334344023289	-36.980336536803215	0.0
528.7066634640303	-36.7198277102216	0.0
528.2798940504958	-36.459316394130326	0.0
527.8531246369614	-36.19880507803905	0.0
527.426355223427	-35.938293761947776	0.0
526.9995858098926	-35.6777824458565	0.0
526.5728163963581	-35.417271129765226	0.0
526.1460389571213	-35.15677296713913	0.0
525.7192615178844	-34.89627480451304	0.0
525.2924840786476	-34.63577664188695	0.0
524.8657046716411	-34.37528170441294	0.0
524.4389252646346	-34.114786766938934	0.0
524.0121458576281	-33.85429182946493	0.0
523.5853235839897	-33.59387033898921	0.0
523.1585013103514	-33.3334488485135	0.0
522.7316790367131	-33.073027358037784	0.0
522.304846304493	-32.81262396124687	0.0
521.878013572273	-32.55222056445596	0.0
521.4511808400529	-32.291817167665045	0.0
521.0243148570366	-32.03147194381175	0.0
520.5974488740204	-31.77112671995846	0.0
520.1705828910042	-31.510781496105167	0.0
519.743716907988	-31.250436272251875	0.0
519.3168509249717	-30.990091048398583	0.0
519.0910053259577	-30.852347997017205	0.0
