204.09395872754976	1837.6219978011213	-0.5070007476806637
204.10167752312316	1837.1220573844766	-0.5070007476806637
204.1089263380071	1836.622109932555	-0.5070007476806637
204.11757513064197	1836.1221851192859	-0.5076167539984291
204.1265899850299	1835.6222664602096	-0.5078750324521848
204.13578301342193	1835.1223512640927	-0.5084088116741029
204.14497604181395	1834.6224360679757	-0.508942590896021
204.1449655930146	1834.1224376106811	-0.5101846028834777
204.14424190200862	1833.622440093173	-0.5115841589008977
204.14351821100263	1833.122442575665	-0.5129837149183177
204.14279451999664	1832.622445058157	-0.5143832709357378
204.14207082899065	1832.1224475406489	-0.5157828269531578
204.14136783322976	1831.6224489420533	-0.5167352971545927
204.14066483746888	1831.1224503434578	-0.5176877673560275
204.139961841708	1830.6224517448622	-0.5186402375574624
204.1392588459471	1830.1224531462667	-0.5195927077588972
204.13882790271907	1829.6224533501445	-0.5197274882446228
204.13839695949105	1829.1224535540223	-0.5198622687303484
204.13796601626302	1828.6224537579	-0.5199970492160739
204.13446432687704	1828.122466361132	-0.5205812105096018
204.13096263749105	1827.6224789643638	-0.5211653718031297
204.12746094810507	1827.1224915675957	-0.5217495330966576
204.1262216980424	1826.6224960639615	-0.5234701739625927
204.12498244797973	1826.1225005603274	-0.5251908148285277
204.12374319791707	1825.6225050566932	-0.5269114556944627
204.12710548917676	1825.1225164517052	-0.5272112551052821
204.13046778043645	1824.6225278467173	-0.5275110545161015
204.13383007169614	1824.1225392417293	-0.5278108539269208
204.1439220966347	1823.6226420497087	-0.5287847340615897
204.15401412157325	1823.122744857688	-0.5297586141962585
204.1641061465118	1822.6228476656675	-0.5307324943309273
204.17419817145037	1822.1229504736468	-0.5317063744655961
204.18429019638893	1821.6230532816262	-0.5326802546002649
204.1943822213275	1821.1231560896056	-0.5336541347349337
204.2050304447581	1820.6232694978	-0.5337574346927384
204.21567866818873	1820.1233829059945	-0.5338607346505431
204.22632689161935	1819.623496314189	-0.5339640346083477
204.2315109187988	1819.1235239856144	-0.5348565153577757
204.23669494597823	1818.6235516570398	-0.5357489961072036
204.24187897315767	1818.1235793284652	-0.5366414768566315
204.24615683031539	1817.6235976923342	-0.5368934092229849
204.25019091660363	1817.1236152616257	-0.5357553711778128
204.25422500289187	1816.6236328309171	-0.5346173331326407
204.25825908918011	1816.1236504002086	-0.5334792950874686
204.26197090264793	1815.623665891918	-0.532170131118514
204.26568271611575	1815.1236813836276	-0.5308609671495593
204.26939452958356	1814.6236968753371	-0.5295518031806047
204.2703062232356	1814.1237005155256	-0.5278757990453723
204.27121791688762	1813.623704155714	-0.5261997949101399
204.27212961053965	1813.1237077959024	-0.5245237907749075
204.27285812012735	1812.6237096840136	-0.5233587236205586
204.27358662971506	1812.1237115721249	-0.5221936564662096
204.27431513930276	1811.623713460236	-0.5210285893118607
204.27485625010513	1811.1237147469394	-0.5200316435530776
204.2753973609075	1810.6237160336427	-0.5190346977942946
204.27593847170988	1810.123717320346	-0.5180377520355115
204.27989569944896	1809.6237347466626	-0.5167087067056879
204.28385292718804	1809.1237521729793	-0.5153796613758643
204.28781015492712	1808.6237695992959	-0.5140506160460407
204.2916243225411	1808.1237842174448	-0.5137859264727094
204.2954384901551	1807.6237988355938	-0.513521236899378
204.2992526577691	1807.1238134537427	-0.5132565473260466
204.30320709703483	1806.6238292843084	-0.5136955521529918
204.30716153630055	1806.123845114874	-0.5141345569799369
204.31111597556628	1805.6238609454397	-0.5145735618068821
204.31533237193355	1805.123879062047	-0.5151551810307227
204.31954876830082	1804.6238971786545	-0.5157368002545633
204.3237651646681	1804.123915295262	-0.5163184194784038
204.32798156103536	1803.6239334118693	-0.5169000387022444
204.33219795740263	1803.1239515284767	-0.517481657926085
204.33650215590376	1802.623970072693	-0.5176148788837266
204.3408063544049	1802.1239886169094	-0.5177480998413682
204.34511055290602	1801.6240071611257	-0.5178813207990097
204.3494191845798	1801.124025726972	-0.5179158830095325
204.35372781625358	1800.624044292818	-0.5179504452200553
204.35803644792736	1800.1240628586643	-0.5179850074305781
204.36207628903549	1799.6240795208953	-0.5185695048200656
204.3661161301436	1799.1240961831263	-0.5191540022095531
204.37015597125173	1798.6241128453573	-0.5197384995990406
204.37398800981396	1798.1241275597624	-0.5199107464326336
204.37796332137884	1797.6241434302926	-0.5196515625030363
204.38193863294373	1797.1241593008228	-0.5193923785734391
204.38591394450862	1796.624175171353	-0.5191331946438419
204.38991022123446	1796.1241912457265	-0.5188108791510073
204.3939064979603	1795.6242073201	-0.5184885636581728
204.39790277468614	1795.1242233944733	-0.5181662481653382
204.39988566012255	1794.62422733964	-0.5180508519149182
204.40186854555895	1794.1242312848065	-0.5179354556644982
204.40385143099536	1793.624235229973	-0.5178200594140782
204.40583431643176	1793.1242391751396	-0.5177046631636582
204.40781720186817	1792.6242431203061	-0.5175892669132381
204.40980008730457	1792.1242470654727	-0.5174738706628181
204.41178297274098	1791.6242510106392	-0.5173584744123981
204.41376585817738	1791.1242549558058	-0.5172430781619781
204.4157487436138	1790.6242589009723	-0.5171276819115581
204.4177316290502	1790.124262846139	-0.5170122856611381
204.42165733295712	1789.6242783632422	-0.5166871529208671
204.42558303686405	1789.1242938803455	-0.5163620201805961
204.42950874077098	1788.6243093974488	-0.516036887440325
204.434040299176	1788.1243306759875	-0.5151748755660012
204.43557602257874	1787.6243331007545	-0.5154323919692532
204.4371117459815	1787.1243355255215	-0.5156899083725052
204.43864746938425	1786.6243379502885	-0.5159474247757572
204.43999360610565	1786.1243398498555	-0.5156516558441592
204.44133974282704	1785.6243417494225	-0.5153558869125612
204.44268587954843	1785.1243436489895	-0.5150601179809632
204.44681236708539	1784.6243606773278	-0.515047915283086
204.45093885462234	1784.1243777056661	-0.5150357125852089
204.4550653421593	1783.6243947340045	-0.5150235098873317
204.45919182969624	1783.1244117623428	-0.5150113071894545
204.46370693872836	1782.624432148976	-0.5150084763442903
204.4682220477605	1782.1244525356092	-0.515005645499126
204.47273715679262	1781.6244729222424	-0.5150028146539617
204.47706998280842	1781.1244916959768	-0.5150020612393913
204.4814028088242	1780.6245104697111	-0.5150013078248209
204.48573563484	1780.1245292434455	-0.5150005544102505
204.48750703993255	1779.6245323813314	-0.5150004443748888
204.4892784450251	1779.1245355192173	-0.5150003343395271
204.49104985011763	1778.6245386571031	-0.5150002243041654
204.49257076515244	1778.124540970291	-0.5150001793212577
204.4982193897631	1777.6245737277764	-0.5140785219525171
204.50386801437378	1777.1246064852617	-0.5131568645837765
204.50951663898445	1776.624639242747	-0.5122352072150359
204.5114195895601	1776.124644428978	-0.5109842142944526
204.51332254013573	1775.624649615209	-0.5097332213738693
204.51522549071137	1775.1246548014399	-0.5084822284532861
204.51795873051742	1774.7869977997616	-0.5080001983642575
204.51795873051742	1774.7869977997616	-0.5080001983642575
204.52386236365692	1774.2870338794562	-0.5068931714625597
204.5297659967964	1773.7870699591508	-0.505786144560862
204.5321049993786	1773.287076358321	-0.5048227151727712
204.53444400196076	1772.7870827574911	-0.5038592857846804
204.53678300454294	1772.2870891566613	-0.5028958563965896
204.53875295194018	1771.787094428997	-0.5017161889866886
204.54072289933742	1771.2870997013329	-0.5005365215767875
204.54269284673467	1770.7871049736686	-0.49935685416688647
204.5446627941319	1770.2871102460044	-0.4981771867569854
204.55047021035352	1769.7871449905297	-0.4971686061062943
204.55627762657514	1769.287179735055	-0.4961600254556032
204.56208504279675	1768.7872144795801	-0.49515144480491213
204.56807478146345	1768.2872511248117	-0.49427570543968447
204.5719587309868	1767.886997800786	-0.49300080871581997
204.5719587309868	1767.886997800786	-0.49300080871581997
204.57358315344527	1767.387000544976	-0.4933255147579598
204.57520757590373	1766.887003289166	-0.4936502208000997
204.5768319983622	1766.3870060333559	-0.49397492684223954
204.57849758531734	1765.8870088076112	-0.49398315695306094
204.58016317227248	1765.3870115818665	-0.49399138706388235
204.58182875922762	1764.8870143561219	-0.49399961717470375
204.58545970689715	1764.3870275400768	-0.4939997947747855
204.5890906545667	1763.8870407240317	-0.49399997237486726
204.59272160223622	1763.3870539079867	-0.494000149974949
204.5966434348104	1762.887069288994	-0.4940001801175705
204.60056526738458	1762.3870846700015	-0.49400021026019203
204.60448709995876	1761.887100051009	-0.49400024040281354
204.60820823213112	1761.3871138980253	-0.4940002456500514
204.61192936430348	1760.8871277450417	-0.4940002508972893
204.61565049647584	1760.387141592058	-0.49400025614452714
204.61954469660452	1759.8871567570827	-0.4940002590866083
204.62128759660823	1759.3871597947923	-0.4940002591873074
204.62303049661193	1758.8871628325019	-0.4940002592880065
204.62477339661564	1758.3871658702114	-0.4940002593887056
204.62641565633282	1757.8871686376535	-0.49426562209808966
204.62805791605	1757.3871714050956	-0.4945309848074737
204.6297001757672	1756.8871741725377	-0.49479634751685775
204.6313618683604	1756.387176978444	-0.4945849802595125
204.63302356095357	1755.88717978435	-0.4943736130021672
204.63468525354676	1755.3871825902563	-0.4941622457448219
204.63748969657559	1754.887190699447	-0.49366805531002855
204.6402941396044	1754.3871988086378	-0.4931738648752352
204.64309858263323	1753.8872069178285	-0.4926796744404418
204.64590302566205	1753.3872150270192	-0.49218548400564843
204.64887238113658	1752.887223902134	-0.492426241725731
204.65184173661112	1752.387232777249	-0.4926669994458136
204.65481109208565	1751.8872416523639	-0.4929077571658962
204.65810866329855	1751.3872525272157	-0.49293528263982345
204.66140623451145	1750.8872634020674	-0.4929628081137507
204.66470380572434	1750.3872742769192	-0.49299033358767796
204.66653349310525	1749.8872777087015	-0.49270048109223374
204.66836318048615	1749.3872811404838	-0.4924106285967895
204.67019286786706	1748.887284572266	-0.4921207761013453
204.6717674397911	1748.3872870563196	-0.49205170708027235
204.67501268989474	1747.8872975882723	-0.4920377967371836
204.6782579399984	1747.387308120225	-0.4920238863940949
204.68150319010203	1746.8873186521778	-0.49200997605100616
204.68508489892452	1746.3873314809882	-0.49200717432057783
204.688666607747	1745.8873443097987	-0.4920043725901495
204.69224831656948	1745.387357138609	-0.4920015708597212
204.69426146925935	1744.8873611914096	-0.4920010808442844
204.69627462194921	1744.38736524421	-0.4920005908288476
204.69828777463908	1743.8873692970105	-0.49200010081341083
204.70030092732895	1743.387373349811	-0.49199961079797405
204.70170609718514	1742.8873753243172	-0.491999562494574
204.70311126704132	1742.3873772988234	-0.49199951419117394
204.7045164368975	1741.8873792733295	-0.4919994658877739
204.70615234144418	1741.3873819495204	-0.4919994613175357
204.70778824599086	1740.8873846257113	-0.4919994567472975
204.70942415053753	1740.3873873019022	-0.4919994521770593
204.71255869129982	1739.8873971273445	-0.4919994518035862
204.7156932320621	1739.3874069527867	-0.49199945143011303
204.7188277728244	1738.887416778229	-0.4919994510566399
204.72186947942237	1738.3874260302937	-0.4919994508354927
204.72487720501613	1737.8874350767887	-0.4919994507942932
204.7278849306099	1737.3874441232838	-0.4919994507530937
204.73089265620365	1736.8874531697788	-0.4919994507118942
204.73389405129547	1736.3874622519966	-0.49227104389268916
204.73689544638728	1735.8874713342143	-0.4925426370734841
204.7398968414791	1735.387480416432	-0.49281423025427906
204.74197859805224	1734.8874847519985	-0.49285709226529517
204.7440603546254	1734.387489087565	-0.4928999542763113
204.74614211119854	1733.8874934231314	-0.4929428162873274
204.74822386777169	1733.387497758698	-0.4929856782983435
204.75023726393783	1732.8875019044763	-0.49328898852657255
204.75225066010398	1732.3875060502546	-0.4935922987548016
204.75426405627013	1731.887510196033	-0.49389560898303064
204.75599441160966	1731.3875131911827	-0.49392740752488795
204.7577247669492	1730.8875161863325	-0.49395920606674526
204.75945512228873	1730.3875191814823	-0.49399100460860257
204.76234279434618	1729.8875275202097	-0.49399381667673203
204.76523046640364	1729.387535858937	-0.4939966287448615
204.7681181384611	1728.8875441976645	-0.49399944081299096
204.7710340521951	1728.3875527002901	-0.49400006231248206
204.77342305285936	1727.887559225827	-0.49490458990078945
204.77581205352362	1727.387565751364	-0.49580911748909684
204.7782010541879	1726.887572276901	-0.49671364507740423
204.7802382319727	1726.3875765773837	-0.49710142185780404
204.78227540975752	1725.8875808778664	-0.49748919863820384
204.78431258754233	1725.3875851783491	-0.49787697541860365
204.78723783970042	1724.8875940200985	-0.4984104273149076
204.79016309185852	1724.3876028618479	-0.4989438792112115
204.7930883440166	1723.8876117035973	-0.49947733110751547
204.79631617844962	1723.387622522804	-0.5001099244782364
204.79954401288262	1722.8876333420105	-0.5007425178489574
204.80277184731563	1722.3876441612172	-0.5013751112196784
204.8058328250952	1721.887653965727	-0.5020345265813864
204.80889380287476	1721.3876637702367	-0.5026939419430944
204.81195478065433	1720.8876735747465	-0.5033533573048024
204.81483494757038	1720.3876827683969	-0.504301093751894
204.81700975420813	1719.8876877049101	-0.5047557419281584
204.81918456084588	1719.3876926414234	-0.5052103901044228
204.82135936748364	1718.8876975779367	-0.5056650382806872
204.8234974982704	1718.387702779132	-0.5064584895449639
204.82660901997804	1717.887712617589	-0.5060625189906874
204.82972054168567	1717.3877224560458	-0.505666548436411
204.8328320633933	1716.8877322945027	-0.5052705778821346
204.83585271062543	1716.3877417991578	-0.5046539296993858
204.83887335785755	1715.8877513038128	-0.5040372815166371
204.84189400508967	1715.3877608084679	-0.5034206333338883
204.84449527556092	1714.8877678989177	-0.5028516065737177
204.84709654603216	1714.3877749893675	-0.5022825798135472
204.8496978165034	1713.8877820798173	-0.5017135530533766
204.85229908697465	1713.387789170267	-0.501144526293206
204.85465617584532	1712.8877951619154	-0.50048441679803
204.857013264716	1712.3878011535637	-0.499824307302854
204.85937035358666	1711.887807145212	-0.49916419780767796
204.86170405003452	1711.3878130341539	-0.4984987896727795
204.86403774648238	1710.8878189230957	-0.49783338153788104
204.86637144293024	1710.3878248120375	-0.4971679734029826
204.86930359334565	1709.8878338493741	-0.49650483775739107
204.87223574376105	1709.3878428867108	-0.49584170211179956
204.87516789417646	1708.8878519240475	-0.49517856646620806
204.87871733717304	1708.387865284875	-0.4943055810747806
204.88058057525245	1707.8878687994827	-0.4945127987011274
204.88244381333186	1707.3878723140904	-0.4947200163274742
204.88430705141127	1706.887875828698	-0.494927233953821
204.88629275621736	1706.3878801548155	-0.4955461646676823
204.88827846102345	1705.887884480933	-0.49616509538154363
204.89026416582954	1705.3878888070506	-0.49678402609540495
204.89379380208175	1704.8879015915818	-0.49735502142906707
204.89732343833396	1704.387914376113	-0.4979260167627292
204.90085307458617	1703.8879271606443	-0.4984970120963913
204.904479243781	1703.3879404593652	-0.49888358811683997
204.90810541297583	1702.887953758086	-0.49927016413728864
204.91173158217066	1702.387967056807	-0.4996567401577373
204.9153964447322	1701.887980496059	-0.4997453630950196
204.91906130729376	1701.3879939353112	-0.4998339860323019
204.9227261698553	1700.8880073745634	-0.4999226089695842
204.92659235987207	1700.388022769078	-0.500591079151324
204.92863173029377	1699.8880273725736	-0.5012577446101935
204.93067110071547	1699.3880319760692	-0.501924410069063
204.93271047113717	1698.8880365795649	-0.5025910755279325
204.9351711025588	1698.3880427298589	-0.5029001859276683
204.93721549624183	1697.8880473093966	-0.5035326187514569
204.93925988992487	1697.3880518889343	-0.5041650515752456
204.9413042836079	1696.888056468472	-0.5047974843990343
204.94360973477922	1696.388061914653	-0.5051594873150188
204.94591518595053	1695.888067360834	-0.5055214902310033
204.94822063712184	1695.3880728070149	-0.5058834931469879
204.95077120698772	1694.8880794920992	-0.5063073244118568
204.9533217768536	1694.3880861771836	-0.5067311556767257
204.9558723467195	1693.888092862268	-0.5071549869415946
204.9584229165854	1693.3880995473523	-0.5075788182064634
204.96130667447505	1692.8881082295475	-0.5081838473012636
204.96419043236472	1692.3881169117426	-0.5087888763960638
204.96707419025438	1691.8881255939377	-0.509393905490864
204.96995794814404	1691.3881342761329	-0.5099989345856643
204.9723804564096	1690.8881410843119	-0.5109682572773766
204.97480296467518	1690.388147892491	-0.511937579969089
204.97713814247913	1689.8881537988786	-0.5126108537018143
204.9794733202831	1689.3881597052664	-0.5132841274345395
204.98180849808705	1688.8881656116541	-0.5139574011672648
204.9841242506534	1688.388171561986	-0.5147239430802542
204.985562930578	1687.8881736385472	-0.5148061439887578
204.9870016105026	1687.3881757151084	-0.5148883448972614
204.9884402904272	1686.8881777916697	-0.5149705458057651
204.9900824994579	1686.3881805823091	-0.5152767829312866
204.99172470848862	1685.8881833729486	-0.5155830200568082
204.99336691751932	1685.388186163588	-0.5158892571823298
204.99422407437498	1684.8881871521344	-0.516393070091762
204.99508123123064	1684.3881881406808	-0.5168968830011943
204.9959383880863	1683.8881891292272	-0.5174006959106265
204.99679554494196	1683.3881901177735	-0.5179045088200588
204.99778826378395	1682.8881911041715	-0.5179346113493208
204.99878098262593	1682.3881920905694	-0.5179647138785829
204.99977370146792	1681.8881930769674	-0.517994816407845
205.00045901050873	1681.388193546619	-0.5179965761775098
205.00114431954955	1680.8881940162707	-0.5179983359471747
205.00182962859037	1680.3881944859224	-0.5180000957168396
205.00332656205455	1679.8881968118774	-0.5182918828683627
205.00482349551874	1679.3881991378323	-0.5185836700198858
205.00632042898292	1678.8882014637873	-0.5188754571714089
205.00841031197206	1678.388205841131	-0.518974014638861
205.0113370552259	1677.8882147734878	-0.518368662625196
205.01426379847976	1677.3882237058447	-0.517763310611531
205.0171905417336	1676.8882326382015	-0.5171579585978661
205.0201845974533	1676.3882417287098	-0.5168029149884801
205.02317865317298	1675.888250819218	-0.5164478713790941
205.02617270889266	1675.3882599097262	-0.5160928277697081
205.02906477850047	1674.8882684413152	-0.515683621901542
205.03195684810828	1674.3882769729041	-0.515274416033376
205.0348489177161	1673.888285504493	-0.5148652101652099
205.0377409873239	1673.388294036082	-0.5144560042970439
205.0406330569317	1672.888302567671	-0.5140467984288778
205.04363102356183	1672.3883119885575	-0.5133887758157091
205.04662899019195	1671.888321409444	-0.5127307532025404
205.04962695682207	1671.3883308303305	-0.5120727305893716
205.05239833406813	1670.8883393346982	-0.5111651162883015
205.0551697113142	1670.388347839066	-0.5102575019872314
205.05858101611966	1669.8883595303257	-0.5100248593333544
205.06137243466696	1669.388367523754	-0.50957614249156
205.06416385321427	1668.888375517182	-0.5091274256497657
205.06744373830372	1668.3883866820058	-0.5084894187732522
205.07023520462235	1667.8883944926986	-0.5086248720270587
205.07302667094098	1667.3884023033913	-0.5087603252808653
205.0758181372596	1666.888410114084	-0.5088957785346719
205.0785101791663	1666.3884174470181	-0.5091886790876307
205.081202221073	1665.8884247799522	-0.5094815796405894
205.0838942629797	1665.3884321128862	-0.5097744801935481
205.08677765170728	1664.8884405001	-0.5100450589957057
205.08966104043486	1664.3884488873136	-0.5103156377978634
205.09254442916244	1663.8884572745274	-0.510586216600021
205.09542781789003	1663.388465661741	-0.5108567954021787
205.0984085483101	1662.8884746512624	-0.5111803485552214
205.10138927873015	1662.3884836407838	-0.5115039017082642
205.10437000915022	1661.888492630305	-0.511827454861307
205.10736875317286	1661.3885017330015	-0.512159339983541
205.1103674971955	1660.8885108356978	-0.512491225105775
205.11336624121816	1660.3885199383942	-0.5128231102280091
205.1161153231958	1659.8885275893115	-0.5131287358142329
205.11886440517344	1659.3885352402287	-0.5134343614004567
205.12161348715108	1658.888542891146	-0.5137399869866806
205.12405330538297	1658.3885488800559	-0.5139301473836984
205.12669496550473	1657.8885559592202	-0.5142475525712991
205.12933662562648	1657.3885630383845	-0.5145649577588998
205.13197828574823	1656.8885701175489	-0.5148823629465005
205.13464216533305	1656.3885772150747	-0.5149173075248992
205.13730604491786	1655.8885843126006	-0.5149522521032979
205.13996992450268	1655.3885914101265	-0.5149871966816966
205.14171834603872	1654.8885945280203	-0.5147404047968366
205.14346676757475	1654.3885976459142	-0.5144936129119766
205.1452151891108	1653.888600763808	-0.5142468210271166
205.14715435539767	1653.3886045597792	-0.5144354767373233
205.14909352168456	1652.8886083557504	-0.5146241324475299
205.15103268797145	1652.3886121517216	-0.5148127881577366
205.15301655095936	1651.888616089649	-0.5148596886550748
205.15500041394728	1651.3886200275765	-0.514906589152413
205.1569842769352	1650.888623965504	-0.5149534896497513
205.1586252041775	1650.3886266596583	-0.5149922827975679
205.1612267493599	1649.8886334277474	-0.5149947443361248
205.16382829454233	1649.3886401958366	-0.5149972058746817
205.16642983972474	1648.8886469639258	-0.5149996674132385
205.16911391306792	1648.3886541682275	-0.5149999639975609
205.1706990225149	1647.8886566808058	-0.5150000192812074
205.17228413196187	1647.388659193384	-0.515000074564854
205.17386924140885	1646.8886617059622	-0.5150001298485005
205.1767209265622	1646.3886700027278	-0.5154058248615392
205.17957261171557	1645.8886782994934	-0.5158115198745779
205.18242429686893	1645.388686596259	-0.5162172148876165
205.1852759820223	1644.8886948930246	-0.5166229099006552
205.18812766717565	1644.3887031897902	-0.5170286049136938
205.190979352329	1643.8887114865558	-0.5174342999267325
205.19383103748237	1643.3887197833214	-0.5178399949397712
205.19681371657737	1642.888728741111	-0.5175923364098862
205.19979639567237	1642.3887376989005	-0.5173446778800013
205.20277907476736	1641.88874665669	-0.5170970193501163
205.20460439608212	1641.388749989336	-0.5170680872722372
205.20642971739687	1640.888753321982	-0.5170391551943581
205.20825503871163	1640.388756654628	-0.5170102231164789
205.2095155670071	1639.888758313979	-0.5172755845381454
205.21077609530255	1639.38875997333	-0.5175409459598118
205.212036623598	1638.888761632681	-0.5178063073814783
205.2128677103542	1638.3887623539968	-0.5179812643395505
205.2173990867458	1637.8887829950934	-0.5183088289008211
205.22193046313737	1637.38880363619	-0.5186363934620917
205.22646183952895	1636.8888242772866	-0.5189639580233623
205.23080199939363	1636.3888431147625	-0.5189755086862754
205.23514215925832	1635.8888619522384	-0.5189870593491885
205.239482319123	1635.3888807897142	-0.5189986100121017
205.24275933381614	1634.8888915682703	-0.5191976441424685
205.24603634850928	1634.3889023468264	-0.5193966782728353
205.24931336320242	1633.8889131253825	-0.5195957124032021
205.25259037789556	1633.3889239039386	-0.5197947465335689
205.2558673925887	1632.8889346824947	-0.5199937806639358
205.2592111773148	1632.3889458635194	-0.5199956189864476
205.2625549620409	1631.8889570445442	-0.5199974573089595
205.265898746767	1631.388968225569	-0.5199992956314714
205.2692864757338	1630.8889799333094	-0.5204798119419003
205.2726742047006	1630.3889916410499	-0.5209603282523292
205.27687463143923	1629.8890092865115	-0.5209998943858816
205.28123339454487	1629.3890282856885	-0.5210002745302142
205.2855921576505	1628.8890472848655	-0.5210006546745469
205.29017850744583	1628.389068838343	-0.5217206606629055
205.2930650648242	1627.8890773131084	-0.522098125847176
205.29595162220255	1627.3890857878737	-0.5224755910314465
205.2988381795809	1626.889094262639	-0.522853056215717
205.30153000543885	1626.3891016233956	-0.523191842393725
205.3042218312968	1625.8891089841522	-0.5235306285717329
205.30691365715472	1625.3891163449089	-0.5238694147497409
205.30926377698074	1624.8891219380173	-0.5241340161989304
205.31161389680676	1624.3891275311257	-0.5243986176481199
205.31396401663278	1623.8891331242341	-0.5246632190973094
205.3163141364588	1623.3891387173426	-0.5249278205464989
205.31865027788376	1622.889144575661	-0.5255608507633321
205.32098641930872	1622.3891504339795	-0.5261938809801654
205.3233225607337	1621.889156292298	-0.5268269111969986
205.32565467827294	1621.3891618595992	-0.5271853773653613
205.3279867958122	1620.8891674269005	-0.527543843533724
205.33031891335145	1620.3891729942018	-0.5279023097020866
205.33289458594209	1619.889179735443	-0.5282295809113254
205.33547025853272	1619.389186476684	-0.5285568521205642
205.33804593112336	1618.8891932179251	-0.5288841233298031
205.34126789193044	1618.3892044427114	-0.5298026160378788
205.34179390852762	1617.8892079770078	-0.527997736431224
205.3423199251248	1617.3892115113042	-0.5261928568245693
205.34284594172198	1616.8892150456006	-0.5243879772179145
205.3435032219097	1616.3892182873053	-0.5227117681180149
205.34416050209745	1615.88922152901	-0.5210355590181153
205.3448177822852	1615.3892247707147	-0.5193593499182156
205.3465097944894	1614.889227818789	-0.5189290478286622
205.34820180669362	1614.3892308668635	-0.5184987457391088
205.34989381889784	1613.889233914938	-0.5180684436495554
205.35158583110206	1613.3892369630123	-0.517638141560002
205.35327784330627	1612.8892400110867	-0.5172078394704486
205.3549698555105	1612.3892430591611	-0.5167775373808952
205.3566618677147	1611.8892461072355	-0.5163472352913417
205.35835387991892	1611.38924915531	-0.5159169332017883
205.36004589212314	1610.8892522033843	-0.5154866311122349
205.36173790432736	1610.3892552514587	-0.5150563290226815
205.362447315213	1609.8892583644188	-0.5134408766230116
205.36315672609862	1609.3892614773788	-0.5118254242233418
205.36386613698426	1608.8892645903388	-0.5102099718236719
205.36394365855097	1608.3892680184613	-0.5083600796594321
205.36895667022463	1607.8892934126054	-0.5088731227280647
205.3739696818983	1607.3893188067495	-0.5093861657966974
205.37898269357197	1606.8893442008937	-0.50989920886533
205.38648708575397	1606.389401146478	-0.5091077296278144
205.39399147793597	1605.8894580920621	-0.5083162503902987
205.40149587011797	1605.3895150376463	-0.507524771152783
205.40900026229997	1604.8895719832306	-0.5067332919152674
205.4149519065818	1604.3896074195607	-0.5068473302481521
205.4209035508636	1603.8896428558908	-0.5069613685810368
205.42295874044066	1603.7169977999292	-0.5070007476806637
205.42295874044066	1603.7169977999292	-0.5070007476806637
205.4286473678318	1603.2170305605575	-0.5076324703097734
205.43118230279913	1602.7170370377285	-0.5078588190180503
205.43371723776647	1602.2170435148994	-0.5080851677263272
205.43625217273382	1601.7170499920703	-0.508311516434604
205.43878710770116	1601.2170564692412	-0.5085378651428809
205.4413220426685	1600.7170629464122	-0.5087642138511578
205.44385697763585	1600.217069423583	-0.5089905625594346
205.44915654844056	1599.7170976200127	-0.5093225022394996
205.45445611924526	1599.2171258164424	-0.5096544419195645
205.45975569004997	1598.717154012872	-0.5099863815996295
205.46254008299013	1598.2171620677177	-0.5105358692466829
205.4653244759303	1597.7171701225634	-0.5110853568937364
205.46810886887044	1597.217178177409	-0.5116348445407898
205.4702510698478	1596.7171829051167	-0.5120072155435387
205.47239327082514	1596.2171876328243	-0.5123795865462876
205.47453547180248	1595.717192360532	-0.5127519575490365
205.4774261628943	1595.2172007443928	-0.5125855373989044
205.4803168539861	1594.7172091282537	-0.5124191172487724
205.4832075450779	1594.2172175121145	-0.5122526970986404
205.4860982361697	1593.7172258959754	-0.5120862769485084
205.48898892726152	1593.2172342798362	-0.5119198567983764
205.49187961835332	1592.717242663697	-0.5117534366482444
205.49477030944513	1592.217251047558	-0.5115870164981123
205.49766100053694	1591.7172594314188	-0.5114205963479803
205.50055169162874	1591.2172678152797	-0.5112541761978483
205.50344238272055	1590.7172761991405	-0.5110877560477163
205.50585864516802	1590.217282331657	-0.5116301163349771
205.5082749076155	1589.7172884641736	-0.512172476622238
205.51069117006296	1589.2172945966902	-0.5127148369094988
205.51273638571774	1588.7172987982078	-0.512851193041092
205.51478160137253	1588.2173029997255	-0.5129875491726851
205.5161349058866	1587.7173048311765	-0.5129913753487766
205.51748821040064	1587.2173066626276	-0.5129952015248681
205.5188415149147	1586.7173084940787	-0.5129990277009596
205.51985142796286	1586.217309514004	-0.5129991350770132
205.52086134101103	1585.7173105339293	-0.5129992424530668
205.5218712540592	1585.2173115538546	-0.5129993498291204
205.52381893460017	1584.7173153473286	-0.512999354261383
205.52576661514115	1584.2173191408026	-0.5129993586936455
205.5274411371323	1583.7173220487346	-0.5126770240885271
205.52911565912348	1583.2173249566665	-0.5123546894834087
205.53079018111464	1582.7173278645985	-0.5120323548782902
205.53277906351968	1582.2173318203077	-0.5120260086370917
205.53476794592473	1581.7173357760169	-0.5120196623958931
205.53675682832977	1581.217339731726	-0.5120133161546946
205.53874571073482	1580.7173436874352	-0.512006969913496
205.54073459313986	1580.2173476431444	-0.5120006236722975
205.54177039535864	1579.717348716032	-0.512000393896357
205.54280619757742	1579.2173497889194	-0.5120001641204165
205.5438419997962	1578.7173508618068	-0.511999934344476
205.54571940494952	1578.217354455988	-0.5117362712260389
205.54759681010285	1577.7173580501692	-0.5114726081076019
205.54947421525617	1577.2173616443504	-0.5112089449891648
205.5514486290823	1576.7173656445373	-0.5108897884368382
205.55342304290843	1576.2173696447242	-0.5105706318845116
205.55539745673457	1575.717373644911	-0.510251475332185
205.55668648697235	1575.2173755118192	-0.5097983685200207
205.55797551721014	1574.7173773787274	-0.5093452617078564
205.55930057075136	1574.217379142943	-0.5092533623262422
205.56062562429258	1573.7173809071585	-0.5091614629446279
205.5619506778338	1573.217382671374	-0.5090695635630137
205.5633480518054	1572.7173849110425	-0.5085338309653457
205.564745425777	1572.217387150711	-0.5079980983676776
205.5661427997486	1571.7173893903794	-0.5074623657700096
205.5675401737202	1571.2173916300478	-0.5069266331723415
205.5689375476918	1570.7173938697163	-0.5063909005746735
205.57081949224903	1570.2173974224565	-0.506285960891635
205.57270143680626	1569.7174009751968	-0.5061810212085965
205.57458338136348	1569.217404527937	-0.506076081525558
205.57631715832633	1568.7174075354806	-0.5060366882207171
205.58104013305513	1568.2174304347586	-0.5052671017524333
205.58576310778392	1567.7174533340367	-0.5044975152841494
205.5904860825127	1567.2174762333148	-0.5037279288158656
205.5956727361356	1566.7175045705678	-0.5025299829497492
205.6008593897585	1566.217532907821	-0.5013320370836327
205.6060460433814	1565.717561245074	-0.5001340912175163
205.61035135296072	1565.217581681872	-0.4987554361649429
205.61465666254003	1564.71760211867	-0.4973767811123695
205.6189871972207	1564.2176220721963	-0.4962815197221546
205.62331773190135	1563.7176420257226	-0.49518625833193974
205.627648266582	1563.217661979249	-0.49409099694172487
205.63183627628314	1562.7176808955878	-0.4929177297710231
205.63602428598426	1562.2176998119266	-0.49174446260032134
205.6402122956854	1561.7177187282655	-0.4905711954296196
205.6444003053865	1561.2177376446043	-0.4893979282589178
205.64858831508764	1560.7177565609431	-0.48822466108821605
205.65277632478876	1560.217775477282	-0.4870513939175143
205.65809295854535	1559.7178047497532	-0.48604888717533823
205.66340959230195	1559.2178340222245	-0.48504638043316217
205.66872622605854	1558.7178632946957	-0.4840438736909861
205.6715221555536	1558.217871424107	-0.4834851936534137
205.67431808504864	1557.7178795535183	-0.48292651361584127
205.6771140145437	1557.2178876829296	-0.48236783357826885
205.67925749205358	1556.717892287591	-0.48226711484505735
205.68140096956347	1556.2178968922524	-0.48216639611184586
205.68354444707336	1555.7179014969138	-0.48206567737863437
205.68592025376313	1555.217907297275	-0.4816708736980605
205.6882960604529	1554.717913097636	-0.4812760700174866
205.69063614203515	1554.217918692414	-0.48093144719492864
205.6929762236174	1553.717924287192	-0.48058682437237066
205.69531630519964	1553.2179298819701	-0.4802422015498127
205.6976521575192	1552.717935705625	-0.47963605396938347
205.69998800983876	1552.2179415292799	-0.47902990638895426
205.70232386215832	1551.7179473529347	-0.47842375880852506
205.70474364557288	1551.2179532322612	-0.4782690331657511
205.70716342898743	1550.7179591115876	-0.4781143075229771
205.70924664789163	1550.2179635400757	-0.4778165363683664
205.71132986679584	1549.717967968564	-0.4775187652137557
205.71341308570004	1549.217972397052	-0.477220994059145
205.71562959775838	1548.7179775479221	-0.4767332259063477
205.71784610981672	1548.2179826987922	-0.4762454577535504
205.71959158241827	1547.7179859963514	-0.4767463308337456
205.72133705501983	1547.2179892939107	-0.4772472039139408
205.7230825276214	1546.71799259147	-0.477748076994136
205.72469637550887	1546.2179964881045	-0.4788847891115777
205.72631022339635	1545.718000384739	-0.48002150122901943
205.72792407128384	1545.2180042813736	-0.48115821334646114
205.72953791917132	1544.7180081780082	-0.48229492546390285
205.7311517670588	1544.2180120746427	-0.48343163758134455
205.73281087941507	1543.7180150279635	-0.48387958660187225
205.73446999177133	1543.2180179812842	-0.48432753562239994
205.7361291041276	1542.718020934605	-0.48477548464292763
205.73766337677012	1542.2180240830696	-0.4856668107761678
205.73919764941263	1541.7180272315343	-0.48655813690940797
205.7408455177108	1541.2180315612527	-0.48782866032091776
205.74249338600896	1540.7180358909711	-0.48909918373242756
205.74414125430712	1540.2180402206895	-0.49036970714393735
205.74580524512476	1539.7180432068687	-0.490835866828808
205.7474692359424	1539.218046193048	-0.4913020265136786
205.74913322676002	1538.7180491792271	-0.49176818619854923
205.7511417601421	1538.2180532169732	-0.49182754362112424
205.7531502935242	1537.7180572547193	-0.49188690104369925
205.75515882690627	1537.2180612924653	-0.49194625846627427
205.75741743528317	1536.7180664670627	-0.49221692195870204
205.75967604366008	1536.2180716416601	-0.4924875854511298
205.76193465203698	1535.7180768162575	-0.4927582489435576
205.76505694245702	1535.218086749721	-0.4931879783105946
205.76817923287706	1534.7180966831843	-0.4936177076776316
205.7712040648879	1534.2181058579715	-0.49345929568126945
205.77422889689876	1533.7181150327588	-0.4933008836849073
205.7772537289096	1533.218124207546	-0.4931424716885452
205.78052287798243	1532.7181349815	-0.4928483589709568
205.78379202705526	1532.218145755454	-0.4925542462533684
205.78706117612808	1531.7181565294081	-0.49226013353578
205.79048311544898	1531.2181683047913	-0.49251621114392863
205.79390505476988	1530.7181800801745	-0.49277228875207724
205.79623104156929	1530.2181855899462	-0.4930877671962679
205.7985570283687	1529.7181910997178	-0.49340324564045857
205.8008830151681	1529.2181966094895	-0.49371872408464923
205.80346158953625	1528.718203279036	-0.49386174984187825
205.8058547423061	1528.2182106823186	-0.4951563723767345
205.80824789507597	1527.7182180856012	-0.4964509949115907
205.81064104784582	1527.2182254888837	-0.49774561744644696
205.812988959089	1526.71823167419	-0.4985657277579417
205.8153368703322	1526.2182378594964	-0.4993858380694365
205.8176847815754	1525.7182440448028	-0.5002059483809312
205.81979259895195	1525.218248850879	-0.5008085751135516
205.8219004163285	1524.7182536569553	-0.5014112018461719
205.82367629605585	1524.218258788504	-0.5028175352210394
205.8254521757832	1523.7182639200528	-0.504223868595907
205.82722805551055	1523.2182690516015	-0.5056302019707745
205.82902230953346	1522.7182725883783	-0.5061935995627587
205.83081656355637	1522.2182761251552	-0.5067569971547429
205.83261081757928	1521.718279661932	-0.5073203947467271
205.8344050716022	1521.2182831987088	-0.5078837923387113
205.8361993256251	1520.7182867354857	-0.5084471899306955
205.83839983155553	1520.2182942877862	-0.510093402905908
205.84060033748597	1519.7183018400867	-0.5117396158811205
205.8428008434164	1519.2183093923873	-0.513385828856333
205.84545317836614	1518.7183198796465	-0.5152438569849366
205.8481163858321	1518.2183274607034	-0.5159426598057861
205.85077959329806	1517.7183350417604	-0.5166414626266357
205.85344280076401	1517.2183426228173	-0.5173402654474852
205.856108610207	1516.718349906411	-0.5177609799918008
205.85877441965	1516.2183571900048	-0.5181816945361164
205.86144022909298	1515.7183644735985	-0.518602409080432
205.86449711306636	1515.2183738230358	-0.5186717651982385
205.86755399703975	1514.718383172473	-0.5187411213160451
205.87061088101314	1514.2183925219103	-0.5188104774338517
205.87366776498652	1513.7184018713476	-0.5188798335516582
205.8767246489599	1513.218411220785	-0.5189491896694648
205.87973252334996	1512.718420347233	-0.5192303592713802
205.88274039774	1512.218429473681	-0.5195115288732955
205.88574827213006	1511.718438600129	-0.5197926984752109
205.88911381010314	1511.2184503662893	-0.5204554019793679
205.89247934807622	1510.7184621324495	-0.5211181054835249
205.8958448860493	1510.2184738986098	-0.5217808089876819
205.89858095721434	1509.7184813890867	-0.5218466535399667
205.90131702837937	1509.2184888795637	-0.5219124980922516
205.9040530995444	1508.7184963700406	-0.5219783426445365
205.90632489175084	1508.2185015313974	-0.5219953829169011
205.909262879999	1507.7185102552683	-0.5216920353559232
205.91220086824717	1507.2185189791392	-0.5213886877949454
205.91513885649533	1506.71852770301	-0.5210853402339676
205.91719691630806	1506.2185320507253	-0.5207505474665893
205.91925497612078	1505.7185363984406	-0.5204157546992111
205.9213130359335	1505.218540746156	-0.5200809619318328
205.92337109574623	1504.7185450938712	-0.5197461691644546
205.92542915555896	1504.2185494415864	-0.5194113763970764
205.92748721537168	1503.7185537893017	-0.5190765836296981
205.93042033289169	1503.218562503619	-0.5187433224619025
205.9333534504117	1502.7185712179364	-0.5184100612941068
205.9362865679317	1502.2185799322538	-0.5180768001263112
205.93795874464558	1501.914997802116	-0.5180004272460934
205.93795874464558	1501.914997802116	-0.5180004272460934
205.94101212238297	1501.4150072713908	-0.5176182367628357
205.94406550012036	1500.9150167406656	-0.517236046279578
205.94614041583748	1500.4150211291783	-0.5169475707848411
205.9482153315546	1499.915025517691	-0.5166590952901042
205.9502902472717	1499.4150299062037	-0.5163706197953674
205.95236516298883	1498.9150342947164	-0.5160821443006305
205.95450140940204	1498.4150388629064	-0.5160141706142065
205.95744382672376	1497.9150475208216	-0.5160096430908283
205.96038624404548	1497.415056178737	-0.5160051155674501
205.9633286613672	1496.9150648366522	-0.5160005880440719
205.9660136639585	1496.4150720459431	-0.516000286407675
205.9686986665498	1495.915079255234	-0.5159999847712782
205.97138366914112	1495.415086464525	-0.5159996831348813
205.97429787339547	1494.9150951534405	-0.5155566780990121
205.97721207764982	1494.4151038423558	-0.5151136730631428
205.9802034402844	1493.9151127919	-0.515078837029768
205.983194802919	1493.415121741444	-0.5150440009963931
205.9861861655536	1492.915130690988	-0.5150091649630183
205.9891872722137	1492.4151397902272	-0.5153133279551725
205.99218837887383	1491.9151488894663	-0.5156174909473267
205.99518948553396	1491.4151579887055	-0.5159216539394809
205.9981321801588	1490.9151668087018	-0.51552107067883
206.00107487478363	1490.415175628698	-0.5151204874181792
206.003766627809	1489.915182875614	-0.515084031399396
206.00645838083437	1489.4151901225298	-0.5150475753806127
206.00915013385975	1488.9151973694457	-0.5150111193618295
206.01185047256035	1488.4152046613883	-0.5150033546410799
206.0133483070141	1487.915208282526	-0.513829635493455
206.01484614146784	1487.4152119036637	-0.51265591634583
206.0163439759216	1486.9152155248014	-0.511482197198205
206.0176971027886	1486.415217378801	-0.5116339987313692
206.0190502296556	1485.9152192328004	-0.5117858002645334
206.0204033565226	1485.4152210867999	-0.5119376017976975
206.02233650238713	1484.915224824566	-0.5119640425346046
206.02426964825167	1484.415228562332	-0.5119904832715116
206.02685683179698	1483.9152366675207	-0.510802373716634
206.02944401534228	1483.4152447727095	-0.5096142641617563
206.03203119888758	1482.9152528778982	-0.5084261546068786
206.0343958272066	1482.4152595138353	-0.507404183004755
206.0367604555256	1481.9152661497724	-0.5063822114026314
206.03912508384462	1481.4152727857095	-0.5053602398005078
206.04121887432768	1480.9152771940458	-0.505204168819364
206.04331266481074	1480.415281602382	-0.5050480978382202
206.04471691654317	1479.9152835745208	-0.5050335420880518
206.0461211682756	1479.4152855466596	-0.5050189863378834
206.04752542000801	1478.9152875187983	-0.505004430587715
206.04863259048898	1478.415289346019	-0.5042289365443431
206.05237382560074	1477.9153033978196	-0.5044629512078929
206.0561150607125	1477.41531744962	-0.5046969658714426
206.05985629582426	1476.9153315014205	-0.5049309805349924
206.06352954106205	1476.4153450994907	-0.5052552560771516
206.06720278629984	1475.9153586975608	-0.5055795316193108
206.07087603153764	1475.415372295631	-0.50590380716147
206.07354297353095	1474.9153796395767	-0.506384756364762
206.07620991552426	1474.4153869835225	-0.506865705568054
206.07857610358792	1473.9153927024145	-0.5072121350640687
206.08094229165158	1473.4153984213065	-0.5075585645600834
206.08330847971524	1472.9154041401985	-0.5079049940560981
206.08552552320145	1472.4154092143146	-0.5083035019672119
206.08774256668767	1471.9154142884308	-0.5087020098783256
206.08995961017388	1471.415419362547	-0.5091005177894393
206.0921766536601	1470.9154244366632	-0.509499025700553
206.0943936971463	1470.4154295107794	-0.5098975336116668
206.09794676415527	1469.915442552423	-0.5105434347536739
206.10149983116423	1469.4154555940665	-0.511189335895681
206.1050528981732	1468.91546863571	-0.5118352370376882
206.1087004303606	1468.4154819553687	-0.5119576713610693
206.11057138170088	1467.9154854559993	-0.5119702983238966
206.11244233304114	1467.4154889566298	-0.511982925286724
206.1143132843814	1466.9154924572604	-0.5119955522495513
206.11570205910834	1466.4154951881237	-0.5110999180462596
206.11709083383528	1465.915497918987	-0.510204283842968
206.1184796085622	1465.4155006498504	-0.5093086496396764
206.12000620370964	1464.9155033099748	-0.5087345201777633
206.12153279885706	1464.4155059700993	-0.5081603907158503
206.12349250210298	1463.9155098129374	-0.5081115373086652
206.1254522053489	1463.4155136557756	-0.5080626839014801
206.1274119085948	1462.9155174986138	-0.508013830494295
206.12905140944326	1462.4155207792735	-0.5072439694636278
206.13069091029172	1461.9155240599332	-0.5064741084329606
206.13233041114017	1461.415527340593	-0.5057042474022934
206.13396991198863	1460.9155306212526	-0.5049343863716261
206.13560941283708	1460.4155339019123	-0.5041645253409589
206.1369622031151	1459.9155357345603	-0.5041135042602009
206.13831499339312	1459.4155375672083	-0.5040624831794428
206.13966778367114	1458.9155393998562	-0.5040114620986847
206.14181068332027	1458.4155448885354	-0.5030645566189631
206.14576874299632	1457.915561551522	-0.5020663219139034
206.14972680267238	1457.4155782145085	-0.5010680872088438
206.15368486234843	1456.915594877495	-0.5000698525037841
206.15735799945423	1456.415608824424	-0.49939546529265866
206.16103113656004	1455.915622771353	-0.4987210780815332
206.16470427366585	1455.4156367182818	-0.49804669087040776
206.1685340428878	1454.9156522881146	-0.4970967129552901
206.17236381210978	1454.4156678579475	-0.4961467350401725
206.17572150400918	1453.9156808596902	-0.49483239922703737
206.17907919590857	1453.4156938614328	-0.49351806341390225
206.18243688780797	1452.9157068631755	-0.49220372760076714
206.18576923195667	1452.415718997859	-0.4911888292191591
206.18910157610537	1451.9157311325423	-0.490173930837551
206.19243392025408	1451.4157432672257	-0.48915903245594294
206.19623699792123	1450.9157586583347	-0.48819597877767074
206.2000400755884	1450.4157740494436	-0.48723292509939853
206.20371908306504	1449.9157880600226	-0.48654351465840184
206.2073980905417	1449.4158020706016	-0.48585410421740516
206.21107709801834	1448.9158160811805	-0.4851646937764085
206.2151125929712	1448.4158332936563	-0.4842019061066831
206.21724555016863	1447.91583798327	-0.4838276263092659
206.21937850736606	1447.4158426728836	-0.4834533465118487
206.2215114645635	1446.9158473624973	-0.48307906671443146
206.22352013581497	1446.415851510459	-0.4827426376871953
206.22552880706644	1445.915855658421	-0.4824062086599591
206.2275374783179	1445.4158598063827	-0.4820697796327229
206.23105837815524	1444.9158722043926	-0.48203630462315106
206.23457927799257	1444.4158846024025	-0.4820028296135792
206.23823139326657	1443.9158980441618	-0.4816809090705815
206.24188350854058	1443.4159114859212	-0.48135898852758374
206.2455356238146	1442.9159249276806	-0.481037067984586
206.24920557526582	1442.415938560936	-0.4806314500900911
206.25287552671705	1441.9159521941913	-0.4802258321955962
206.25654547816828	1441.4159658274466	-0.47982021430110133
206.2602154296195	1440.915979460702	-0.47941459640660644
206.26388538107074	1440.4159930939572	-0.47900897851211155
206.2655652994656	1439.9159959160982	-0.47900629349865387
206.26724521786048	1439.415998738239	-0.4790036084851962
206.26892513625535	1438.91600156038	-0.4790009234717385
206.27170994670098	1438.4160093794928	-0.4787481738017676
206.2744947571466	1437.9160171986057	-0.4784954241317967
206.27727956759225	1437.4160250177185	-0.4782426744618258
206.28047965493852	1436.916035262149	-0.47818130282619686
206.2836797422848	1436.4160455065796	-0.47811993119056795
206.28687982963106	1435.9160557510102	-0.47805855955493903
206.28894177946256	1435.4160600030666	-0.47803853071752545
206.29100372929406	1434.916064255123	-0.47801850188011186
206.29276710166573	1434.416067364638	-0.47801368712266834
206.2945304740374	1433.9160704741528	-0.4780088723652248
206.29629384640907	1433.4160735836676	-0.4780040576077813
206.29792527819347	1432.9160762739662	-0.4778345833532296
206.29955670997788	1432.4160789642647	-0.4776651090986779
206.30118814176228	1431.9160816545632	-0.47749563484412616
206.30281957354669	1431.4160843448617	-0.47732616058957444
206.3044510053311	1430.9160870351602	-0.47715668633502273
206.30712865938074	1430.4160942066358	-0.47711677401841834
206.30980631343039	1429.9161013781113	-0.47707686170181396
206.31248396748003	1429.4161085495869	-0.4770369493852096
206.3154916681276	1428.9161175963425	-0.47701668389406027
206.317969775287	1428.4161238081351	-0.4767507160417931
206.3204478824464	1427.9161300199278	-0.4764847481895259
206.32292598960578	1427.4161362317204	-0.47621878033725873
206.32529038839118	1426.9161418253946	-0.4761616725535085
206.32765478717658	1426.4161474190687	-0.47610456476975827
206.330019185962	1425.9161530127428	-0.47604745698600803
206.3323974765865	1425.416158669238	-0.47603342410753235
206.334775767211	1424.9161643257332	-0.4760193912290567
206.3371540578355	1424.4161699822284	-0.476005358350581
206.33978988417584	1423.9161769298591	-0.47600393696029164
206.34242571051618	1423.4161838774899	-0.4760025155700023
206.34506153685652	1422.9161908251206	-0.4760010941797129
206.34772662238038	1422.416197927852	-0.47600094925301173
206.35039170790424	1421.9162050305833	-0.47600080432631053
206.3530567934281	1421.4162121333147	-0.47600065939960934
206.35546967446032	1420.9162179553434	-0.4760006422527122
206.35788255549255	1420.4162237773721	-0.4760006251058151
206.36023359940975	1419.9162293048103	-0.4760006212839595
206.36258464332695	1419.4162348322484	-0.47600061746210387
206.36493568724416	1418.9162403596865	-0.47600061364024826
206.36728412973866	1418.4162459870217	-0.4756657682850335
206.36963257223317	1417.916251614357	-0.4753309229298187
206.37146846070118	1417.4162550130181	-0.4754987418972859
206.3733043491692	1416.9162584116793	-0.4756665608647531
206.3751402376372	1416.4162618103405	-0.4758343798322203
206.3770994894992	1415.9162657343518	-0.47612648956079673
206.37905874136118	1415.416269658363	-0.47641859928937313
206.38101799322317	1414.9162735823743	-0.47671070901794954
206.38268594693534	1414.416276469356	-0.4770345977318692
206.3843539006475	1413.9162793563378	-0.4773584864457888
206.38602185435968	1413.4162822433195	-0.47768237515970846
206.38768980807185	1412.9162851303013	-0.4780062638736281
206.38935776178403	1412.416288017283	-0.47833015258754774
206.3910257154962	1411.9162909042648	-0.4786540413014674
206.39269366920837	1411.4162937912465	-0.478977930015387
206.39436162292054	1410.9162966782283	-0.47930181872930666
206.3960295766327	1410.41629956521	-0.4796257074432263
206.39769753034489	1409.9163024521918	-0.47994959615714594
206.39968104130003	1409.4163064972051	-0.4802822842931347
206.40166455225517	1408.9163105422185	-0.48061497242912343
206.4036480632103	1408.416314587232	-0.4809476605651122
206.4063972648396	1407.9163225128505	-0.48155383382903394
206.40914646646888	1407.416330438469	-0.4821600070929557
206.41189566809817	1406.9163383640876	-0.48276618035687746
206.414866982553	1406.4163476277233	-0.4834256045494735
206.41783829700785	1405.916356891359	-0.4840850287420695
206.4208096114627	1405.4163661549949	-0.4847444529346655
206.42394687329045	1404.9163763014865	-0.485295793859414
206.4270841351182	1404.416386447978	-0.4858471347841625
206.43039870750658	1403.9163975580302	-0.48619861536526743
206.43371327989496	1403.4164086680823	-0.48655009594637233
206.43702785228334	1402.9164197781345	-0.48690157652747723
206.44029954775021	1402.4164311094735	-0.48769354834919654
206.4435712432171	1401.9164424408125	-0.48848552017091584
206.44684293868397	1401.4164537721515	-0.48927749199263515
206.45011463415085	1400.9164651034905	-0.49006946381435446
206.45338632961773	1400.4164764348295	-0.49086143563607376
206.45608630092568	1399.9164838532013	-0.4912198650786944
206.45878627223362	1399.416491271573	-0.4915782945213151
206.46148624354157	1398.9164986899448	-0.49193672396393573
206.46367606426497	1398.4165037697428	-0.49247006940786253
206.46586588498838	1397.9165088495408	-0.49300341485178933
206.46805570571178	1397.4165139293389	-0.49353676029571614
206.46983987246563	1396.916517255572	-0.4939148755340884
206.47162403921948	1396.4165205818051	-0.4942929907724607
206.47340820597333	1395.9165239080382	-0.494671106010833
206.4746978761708	1395.416525803993	-0.4951534977773935
206.4759875463683	1394.9165276999477	-0.495635889543954
206.47731282138852	1394.4165295886532	-0.49599968649038684
206.47863809640876	1393.9165314773588	-0.4963634834368197
206.479963371429	1393.4165333660644	-0.49672728038325253
206.4813827294472	1392.916535543342	-0.49713063582406103
206.48280208746542	1392.4165377206195	-0.4975339912648695
206.48422144548363	1391.916539897897	-0.497937346705678
206.48564080350184	1391.4165420751747	-0.4983407021464865
206.48706016152005	1390.9165442524522	-0.498744057587295
206.48868372391212	1390.4165472740597	-0.49936505950527144
206.4903072863042	1389.916550295667	-0.49998606142324786
206.49193084869626	1389.4165533172745	-0.5006070633412243
206.4937669171876	1388.9165567452726	-0.5008454723003674
206.49601177486693	1388.416561838266	-0.5006139956740108
206.49825663254626	1387.9165669312595	-0.5003825190476542
206.5005014902256	1387.416572024253	-0.5001510424212976
206.50254503501412	1386.9165762020411	-0.5001098648781586
206.50458857980266	1386.4165803798294	-0.5000686873350195
206.5066321245912	1385.9165845576176	-0.5000275097918805
206.50953215310415	1385.4165929679405	-0.5000181996112568
206.5124321816171	1384.9166013782633	-0.5000088894306332
206.51540810360098	1384.4166103023795	-0.499748265299929
206.51838402558485	1383.9166192264956	-0.49948764116922484
206.52135994756873	1383.4166281506118	-0.4992270170385207
206.52435912339809	1382.916637149212	-0.4991681658790169
206.52735829922744	1382.4166461478121	-0.49910931471951314
206.5303574750568	1381.9166551464123	-0.49905046356000937
206.53345728568604	1381.4166648703597	-0.49871130730571656
206.53655709631528	1380.916674594307	-0.49837215105142374
206.53965690694451	1380.4166843182545	-0.4980329947971309
206.54201431189676	1379.9166898757571	-0.49802233255294737
206.544371716849	1379.4166954332597	-0.4980116703087638
206.54672912180126	1378.9167009907624	-0.49800100806458025
206.5483048746778	1378.4167040500972	-0.4972418451221047
206.54988062755433	1377.916707109432	-0.4964826821796291
206.55145638043086	1377.416710168767	-0.4957235192371535
206.55310111338088	1376.9167133482206	-0.4950348269283902
206.5547458463309	1376.4167165276742	-0.49434613461962684
206.5563905792809	1375.9167197071279	-0.4936574423108635
206.55837110067944	1375.4167239773863	-0.49306771775010894
206.56035162207797	1374.9167282476446	-0.49247799318935437
206.56260863582338	1374.4167337638319	-0.49182834275137266
206.5648656495688	1373.916739280019	-0.49117869231339095
206.5671226633142	1373.4167447962063	-0.49052904187540924
206.56944212538758	1372.9167510341683	-0.48960274879249666
206.57176158746097	1372.4167572721303	-0.48867645570958407
206.57408104953436	1371.9167635100923	-0.4877501626266715
206.5762795053348	1371.416768771443	-0.4870958576217308
206.57847796113526	1370.9167740327937	-0.4864415526167901
206.58024212353882	1370.4167775867909	-0.4857769358001951
206.58200628594238	1369.916781140788	-0.4851123189836001
206.58377044834594	1369.4167846947853	-0.48444770216700506
206.58495358194807	1368.9167867067526	-0.4836652967705992
206.58781233293007	1368.4167950665842	-0.4832325098012168
206.59067108391207	1367.9168034264158	-0.48279972283183437
206.59352983489407	1367.4168117862473	-0.48236693586245194
206.59675836980364	1366.9168222189173	-0.4822714184796437
206.5999869047132	1366.4168326515874	-0.4821759010968355
206.60321543962277	1365.9168430842574	-0.4820803837140273
206.6056996350079	1365.4168492557726	-0.4820645619194217
206.60818383039305	1364.9168554272878	-0.48204874012481613
206.61066802577818	1364.416861598803	-0.48203291833021056
206.61315222116332	1363.9168677703183	-0.482017096535605
206.61563641654845	1363.4168739418335	-0.4820012747409994
206.61829888436284	1362.9168811332759	-0.48168087532093795
206.62096135217723	1362.4168883247182	-0.4813604759008765
206.62362381999162	1361.9168955161606	-0.48104007648081504
206.6261082754745	1361.4169016889675	-0.48102426938328
206.6285927309574	1360.9169078617745	-0.481008462285745
206.63157721482992	1360.4169167690573	-0.48100075625834127
206.63447207039997	1359.9169251493165	-0.4810003699107812
206.63736692597	1359.4169335295758	-0.48099998356322116
206.63978945634904	1358.9169393982636	-0.4809997849949139
206.6399587506312	1358.8809978016652	-0.4809997711181637
